init_floating_base: [0, 0, 0.45, 0, 0.7071, 0, 0.7071]
init_joint_angles: [2.041711, -0.616538,2.032447,-1.33452,1.159544,-2.898303,-2.041711,-0.616538,2.032447,1.33452,1.159544,-0.24329]
floating_base: [0.950566, -0.1, 0.25, 0, 0.5, 0, 0.866025]
joint_angles: [0.554642, -2.0944, 1.96256, -2.42427, 0.41202, -3.1416, -0.834508, -2.0944, 2.12717, -0.547887, 1.12755, -2.94282]