init_floating_base: [0, 0, 0.45, 0, 0.7071, 0, 0.7071]
init_joint_angles: [2.041711, -0.616538,2.032447,-1.33452,1.159544,-2.898303,-2.041711,-0.616538,2.032447,1.33452,1.159544,-0.24329]
floating_base: [0.392372, -0.136762, 0.2, -0.0733399, 0.736525, 0.0108161, 0.672335]
joint_angles: [1.7069, -2.0944, 2.28116, -3.1416, 0.569501, -3.11901, -2.07972, -2.0944, 2.29248, 0.554171, 1.12383, -3.1416]