init_floating_base: [0, 0, 0.45, 0, 0.7071, 0, 0.7071]
init_joint_angles: [2.041711, -0.616538,2.032447,-1.33452,1.159544,-2.898303,-2.041711,-0.616538,2.032447,1.33452,1.159544,-0.24329]
floating_base: [0.391652, -0.149021, 0.18, -0.026624, 0.752424, 0.0795403, 0.653316]
joint_angles: [1.77712, -2.0944, 2.39359, -3.1416, 0.485925, -3.1416, -1.94483, -1.99297, 2.20079, 0.423986, 1.18973, -3.1416]