init_floating_base: [0, 0, 0.45, 0, 0.7071, 0, 0.7071]
init_joint_angles: [2.041711, -0.616538,2.032447,-1.33452,1.159544,-2.898303,-2.041711,-0.616538,2.032447,1.33452,1.159544,-0.24329]
floating_base: [0.816292, -0.157349, 0.00427851, -0.442893, 0.64312, 0.0382611, 0.623521]
joint_angles: [1.50059, -0.50114, 3.01204, -1.96309, 0.313998, -3.61996, -2.58066, 0.404913, 2.98248, -0.0851554, 1.81653, -1.52845]