step_0:
  tf_mat_link1_0_flan1:
    target_pose:
      position: [0.1145123, -0.5246125, -0.1254248]
      orientation:
        - [1.000019, -3.505932e-07, -6.177052e-05]
        - [-4.343048e-05, 0.7071074, -0.7071198]
        - [4.392621e-05, 0.7071062, 0.707121]
  tf_mat_link4_0_flan4:
    target_pose:
      position: [0.109514, -0.5246123, 0.1252904]
      orientation:
        - [1.000019, 4.17549e-09, -6.177052e-05]
        - [-4.367543e-05, -0.7071074, -0.7071198]
        - [-4.368127e-05, 0.7071062, -0.707121]
step_1:
  tf_mat_link1_0_flan1:
    target_pose:
      position: [0.1142502, -0.524509, -0.1256735]
      orientation:
        - [1.000019, -0.0001509449, 7.906943e-05]
        - [0.0001626575, 0.7071604, -0.7070666]
        - [5.080425e-05, 0.7070531, 0.7071739]
  tf_mat_link4_0_flan4:
    target_pose:
      position: [0.1090918, -0.5243071, 0.1254493]
      orientation:
        - [1.000019, -0.0001505899, 7.906929e-05]
        - [-5.055376e-05, -0.7070543, -0.7071728]
        - [0.0001624064, 0.7071593, -0.7070677]
step_2:
  tf_mat_link1_0_flan1:
    target_pose:
      position: [0.113988, -0.5244057, -0.1259221]
      orientation:
        - [1.000019, -0.0003015498, 0.0002195887]
        - [0.0003685432, 0.7072134, -0.7070134]
        - [5.786958e-05, 0.707, 0.7072269]
  tf_mat_link4_0_flan4:
    target_pose:
      position: [0.1086694, -0.5240018, 0.1256078]
      orientation:
        - [1.000019, -0.0003011946, 0.0002195884]
        - [-5.761939e-05, -0.7070011, -0.7072258]
        - [0.0003682918, 0.7072123, -0.7070146]
step_3:
  tf_mat_link1_0_flan1:
    target_pose:
      position: [0.1137259, -0.5243027, -0.1261709]
      orientation:
        - [1.000019, -0.0004521652, 0.0003603238]
        - [0.0005745218, 0.7072664, -0.7069603]
        - [6.482715e-05, 0.706947, 0.70728]
  tf_mat_link4_0_flan4:
    target_pose:
      position: [0.1082471, -0.5236968, 0.1257663]
      orientation:
        - [1.000019, -0.0004518098, 0.0003603233]
        - [-6.457726e-05, -0.7069481, -0.7072789]
        - [0.00057427, 0.7072653, -0.7069615]
step_4:
  tf_mat_link1_0_flan1:
    target_pose:
      position: [0.1134636, -0.5241998, -0.1264196]
      orientation:
        - [1.000019, -0.0006027911, 0.0005007979]
        - [0.0007803404, 0.7073194, -0.7069072]
        - [7.192988e-05, 0.7068938, 0.7073331]
  tf_mat_link4_0_flan4:
    target_pose:
      position: [0.1078247, -0.5233916, 0.1259245]
      orientation:
        - [1.000019, -0.0006024355, 0.0005007974]
        - [-7.168025e-05, -0.706895, -0.707332]
        - [0.0007800884, 0.7073182, -0.7069083]
step_5:
  tf_mat_link1_0_flan1:
    target_pose:
      position: [0.1132013, -0.524097, -0.1266683]
      orientation:
        - [1.000019, -0.0007534277, 0.0006414877]
        - [0.0009863358, 0.7073723, -0.7068539]
        - [7.884053e-05, 0.7068408, 0.7073862]
  tf_mat_link4_0_flan4:
    target_pose:
      position: [0.1074023, -0.5230864, 0.1260825]
      orientation:
        - [1.000019, -0.0007530718, 0.000641487]
        - [-7.859122e-05, -0.7068419, -0.707385]
        - [0.0009860835, 0.7073712, -0.7068551]
step_6:
  tf_mat_link1_0_flan1:
    target_pose:
      position: [0.1129391, -0.5239944, -0.1269171]
      orientation:
        - [1.000018, -0.0009040748, 0.0007821548]
        - [0.00119234, 0.7074252, -0.7068005]
        - [8.572784e-05, 0.7067876, 0.7074391]
  tf_mat_link4_0_flan4:
    target_pose:
      position: [0.1069798, -0.5227811, 0.1262403]
      orientation:
        - [1.000018, -0.0009037186, 0.000782154]
        - [-8.547879e-05, -0.7067888, -0.7074379]
        - [0.001192087, 0.707424, -0.7068017]
step_7:
  tf_mat_link1_0_flan1:
    target_pose:
      position: [0.1126767, -0.523892, -0.1271659]
      orientation:
        - [1.000018, -0.001054732, 0.0009227994]
        - [0.001398436, 0.707478, -0.7067472]
        - [9.250722e-05, 0.7067345, 0.7074921]
  tf_mat_link4_0_flan4:
    target_pose:
      position: [0.1065573, -0.5224757, 0.1263979]
      orientation:
        - [1.000018, -0.001054376, 0.0009227984]
        - [-9.225846e-05, -0.7067357, -0.7074909]
        - [0.001398183, 0.7074769, -0.7067484]
step_8:
  tf_mat_link1_0_flan1:
    target_pose:
      position: [0.1124143, -0.5237899, -0.1274146]
      orientation:
        - [1.000018, -0.0012054, 0.001063183]
        - [0.001604204, 0.7075309, -0.7066939]
        - [9.960023e-05, 0.7066814, 0.7075452]
  tf_mat_link4_0_flan4:
    target_pose:
      position: [0.1061346, -0.5221705, 0.1265552]
      orientation:
        - [1.000018, -0.001205044, 0.001063182]
        - [-9.93517e-05, -0.7066825, -0.707544]
        - [0.001603951, 0.7075297, -0.7066951]
step_9:
  tf_mat_link1_0_flan1:
    target_pose:
      position: [0.1121519, -0.5236878, -0.1276633]
      orientation:
        - [1.000017, -0.001356079, 0.001203901]
        - [0.001810234, 0.7075836, -0.7066406]
        - [0.0001064172, 0.7066283, 0.7075982]
  tf_mat_link4_0_flan4:
    target_pose:
      position: [0.105712, -0.5218651, 0.1267123]
      orientation:
        - [1.000017, -0.001355722, 0.0012039]
        - [-0.000106169, -0.7066294, -0.7075971]
        - [0.00180998, 0.7075825, -0.7066417]
step_10:
  tf_mat_link1_0_flan1:
    target_pose:
      position: [0.1118894, -0.5235861, -0.1279123]
      orientation:
        - [1.000017, -0.001506768, 0.00134424]
        - [0.002016019, 0.7076365, -0.7065873]
        - [0.0001134634, 0.7065753, 0.7076514]
  tf_mat_link4_0_flan4:
    target_pose:
      position: [0.1052893, -0.5215599, 0.1268693]
      orientation:
        - [1.000017, -0.001506411, 0.001344239]
        - [-0.0001132155, -0.7065764, -0.7076502]
        - [0.002015765, 0.7076353, -0.7065884]
step_11:
  tf_mat_link1_0_flan1:
    target_pose:
      position: [0.111627, -0.5234843, -0.1281611]
      orientation:
        - [1.000016, -0.001657467, 0.001484794]
        - [0.002221981, 0.7076892, -0.7065339]
        - [0.0001203174, 0.7065221, 0.7077044]
  tf_mat_link4_0_flan4:
    target_pose:
      position: [0.1048666, -0.5212545, 0.1270261]
      orientation:
        - [1.000016, -0.00165711, 0.001484793]
        - [-0.0001200698, -0.7065232, -0.7077033]
        - [0.002221727, 0.707688, -0.706535]
step_12:
  tf_mat_link1_0_flan1:
    target_pose:
      position: [0.1113644, -0.5233827, -0.1284099]
      orientation:
        - [1.000016, -0.001808177, 0.001625325]
        - [0.002428035, 0.7077417, -0.7064802]
        - [0.0001270637, 0.7064688, 0.7077573]
  tf_mat_link4_0_flan4:
    target_pose:
      position: [0.1044438, -0.5209489, 0.1271825]
      orientation:
        - [1.000016, -0.001807819, 0.001625323]
        - [-0.0001268163, -0.70647, -0.7077561]
        - [0.002427781, 0.7077406, -0.7064814]
step_13:
  tf_mat_link1_0_flan1:
    target_pose:
      position: [0.1111019, -0.5232815, -0.1286589]
      orientation:
        - [1.000015, -0.001958898, 0.001765953]
        - [0.002634014, 0.7077944, -0.7064267]
        - [0.0001338708, 0.7064158, 0.7078103]
  tf_mat_link4_0_flan4:
    target_pose:
      position: [0.104021, -0.5206435, 0.1273388]
      orientation:
        - [1.000015, -0.00195854, 0.001765951]
        - [-0.0001336238, -0.7064169, -0.7078092]
        - [0.002633759, 0.7077933, -0.7064279]
step_14:
  tf_mat_link1_0_flan1:
    target_pose:
      position: [0.1108394, -0.5231802, -0.1289077]
      orientation:
        - [1.000015, -0.002109629, 0.001906558]
        - [0.002840001, 0.707847, -0.7063732]
        - [0.0001406546, 0.7063626, 0.7078633]
  tf_mat_link4_0_flan4:
    target_pose:
      position: [0.1035982, -0.5203381, 0.1274949]
      orientation:
        - [1.000015, -0.002109271, 0.001906556]
        - [-0.0001404079, -0.7063637, -0.7078621]
        - [0.002839746, 0.7078459, -0.7063743]
step_15:
  tf_mat_link1_0_flan1:
    target_pose:
      position: [0.1105767, -0.5230793, -0.1291567]
      orientation:
        - [1.000014, -0.00226037, 0.002047022]
        - [0.003045997, 0.7078996, -0.7063196]
        - [0.0001474145, 0.7063095, 0.7079163]
  tf_mat_link4_0_flan4:
    target_pose:
      position: [0.1031753, -0.5200326, 0.1276508]
      orientation:
        - [1.000014, -0.002260012, 0.00204702]
        - [-0.0001471683, -0.7063106, -0.7079151]
        - [0.003045742, 0.7078985, -0.7063208]
step_16:
  tf_mat_link1_0_flan1:
    target_pose:
      position: [0.110314, -0.5229785, -0.1294056]
      orientation:
        - [1.000013, -0.002411122, 0.002187345]
        - [0.003251833, 0.7079521, -0.7062661]
        - [0.0001543195, 0.7062563, 0.7079694]
  tf_mat_link4_0_flan4:
    target_pose:
      position: [0.1027523, -0.5197272, 0.1278064]
      orientation:
        - [1.000013, -0.002410763, 0.002187342]
        - [-0.0001540732, -0.7062574, -0.7079682]
        - [0.003251578, 0.707951, -0.7062672]
step_17:
  tf_mat_link1_0_flan1:
    target_pose:
      position: [0.1100514, -0.5228779, -0.1296546]
      orientation:
        - [1.000013, -0.002561884, 0.002327882]
        - [0.003457761, 0.7080047, -0.7062124]
        - [0.0001611168, 0.7062032, 0.7080224]
  tf_mat_link4_0_flan4:
    target_pose:
      position: [0.1023293, -0.5194216, 0.1279619]
      orientation:
        - [1.000013, -0.002561525, 0.002327879]
        - [-0.0001608712, -0.7062044, -0.7080212]
        - [0.003457505, 0.7080036, -0.7062136]
step_18:
  tf_mat_link1_0_flan1:
    target_pose:
      position: [0.1097887, -0.5227773, -0.1299036]
      orientation:
        - [1.000012, -0.002712657, 0.002468396]
        - [0.003663782, 0.7080572, -0.7061588]
        - [0.0001678063, 0.7061499, 0.7080754]
  tf_mat_link4_0_flan4:
    target_pose:
      position: [0.1019063, -0.519116, 0.1281171]
      orientation:
        - [1.000012, -0.002712298, 0.002468394]
        - [-0.000167561, -0.7061511, -0.7080742]
        - [0.003663526, 0.708056, -0.7061599]
step_19:
  tf_mat_link1_0_flan1:
    target_pose:
      position: [0.1095259, -0.5226771, -0.1301526]
      orientation:
        - [1.000011, -0.00286344, 0.002608889]
        - [0.003869727, 0.7081096, -0.7061051]
        - [0.0001745566, 0.7060968, 0.7081284]
  tf_mat_link4_0_flan4:
    target_pose:
      position: [0.1014832, -0.5188104, 0.1282721]
      orientation:
        - [1.000011, -0.002863081, 0.002608886]
        - [-0.0001743116, -0.706098, -0.7081272]
        - [0.003869471, 0.7081084, -0.7061062]
step_20:
  tf_mat_link1_0_flan1:
    target_pose:
      position: [0.1092631, -0.5225769, -0.1304015]
      orientation:
        - [1.00001, -0.003014234, 0.002749358]
        - [0.004075765, 0.708162, -0.7060513]
        - [0.0001811988, 0.7060436, 0.7081813]
  tf_mat_link4_0_flan4:
    target_pose:
      position: [0.1010601, -0.5185048, 0.1284269]
      orientation:
        - [1.00001, -0.003013874, 0.002749356]
        - [-0.0001809541, -0.7060447, -0.7081801]
        - [0.004075508, 0.7081608, -0.7060525]
step_21:
  tf_mat_link1_0_flan1:
    target_pose:
      position: [0.1090003, -0.5224771, -0.1306506]
      orientation:
        - [1.000009, -0.003165037, 0.002889686]
        - [0.004281643, 0.7082143, -0.7059976]
        - [0.0001879868, 0.7059905, 0.7082343]
  tf_mat_link4_0_flan4:
    target_pose:
      position: [0.1006369, -0.5181993, 0.1285815]
      orientation:
        - [1.000009, -0.003164678, 0.002889683]
        - [-0.0001877422, -0.7059916, -0.7082332]
        - [0.004281386, 0.7082132, -0.7059987]
step_22:
  tf_mat_link1_0_flan1:
    target_pose:
      position: [0.1087375, -0.5223774, -0.1308997]
      orientation:
        - [1.000008, -0.003315852, 0.003030111]
        - [0.004487613, 0.7082667, -0.7059438]
        - [0.0001946662, 0.7059373, 0.7082874]
  tf_mat_link4_0_flan4:
    target_pose:
      position: [0.1002137, -0.5178936, 0.1287358]
      orientation:
        - [1.000008, -0.003315492, 0.003030108]
        - [-0.0001944218, -0.7059385, -0.7082862]
        - [0.004487356, 0.7082655, -0.705945]
step_23:
  tf_mat_link1_0_flan1:
    target_pose:
      position: [0.1084745, -0.5222778, -0.1311487]
      orientation:
        - [1.000008, -0.003466676, 0.003170394]
        - [0.004693509, 0.7083189, -0.70589]
        - [0.000201406, 0.7058841, 0.7083403]
  tf_mat_link4_0_flan4:
    target_pose:
      position: [0.09979038, -0.517588, 0.12889]
      orientation:
        - [1.000008, -0.003466316, 0.003170391]
        - [-0.0002011618, -0.7058852, -0.7083392]
        - [0.004693251, 0.7083178, -0.7058911]
step_24:
  tf_mat_link1_0_flan1:
    target_pose:
      position: [0.1082117, -0.5221784, -0.1313978]
      orientation:
        - [1.000006, -0.003617512, 0.003311011]
        - [0.004899578, 0.7083713, -0.7058361]
        - [0.0002079548, 0.7058309, 0.7083933]
  tf_mat_link4_0_flan4:
    target_pose:
      position: [0.0993671, -0.5172822, 0.129044]
      orientation:
        - [1.000006, -0.003617151, 0.003311007]
        - [-0.0002077111, -0.7058321, -0.7083921]
        - [0.004899321, 0.7083701, -0.7058372]
step_25:
  tf_mat_link1_0_flan1:
    target_pose:
      position: [0.1079487, -0.5220792, -0.1316469]
      orientation:
        - [1.000005, -0.003768357, 0.003451248]
        - [0.005105406, 0.7084234, -0.7057822]
        - [0.0002147318, 0.7057777, 0.7084463]
  tf_mat_link4_0_flan4:
    target_pose:
      position: [0.09894373, -0.5169765, 0.1291977]
      orientation:
        - [1.000005, -0.003767997, 0.003451244]
        - [-0.0002144886, -0.7057788, -0.7084452]
        - [0.005105147, 0.7084223, -0.7057834]
step_26:
  tf_mat_link1_0_flan1:
    target_pose:
      position: [0.1076857, -0.52198, -0.1318961]
      orientation:
        - [1.000004, -0.003919212, 0.003591819]
        - [0.005311576, 0.7084755, -0.7057281]
        - [0.0002211488, 0.7057244, 0.7084991]
  tf_mat_link4_0_flan4:
    target_pose:
      position: [0.09852035, -0.5166706, 0.1293512]
      orientation:
        - [1.000004, -0.003918852, 0.003591815]
        - [-0.0002209056, -0.7057256, -0.7084979]
        - [0.005311317, 0.7084744, -0.7057293]
step_27:
  tf_mat_link1_0_flan1:
    target_pose:
      position: [0.1074226, -0.5218812, -0.1321451]
      orientation:
        - [1.000003, -0.004070079, 0.003731894]
        - [0.005517338, 0.7085277, -0.7056743]
        - [0.0002279631, 0.7056713, 0.7085522]
  tf_mat_link4_0_flan4:
    target_pose:
      position: [0.09809686, -0.5163651, 0.1295045]
      orientation:
        - [1.000003, -0.004069718, 0.00373189]
        - [-0.0002277203, -0.7056724, -0.708551]
        - [0.005517079, 0.7085266, -0.7056755]
step_28:
  tf_mat_link1_0_flan1:
    target_pose:
      position: [0.1071596, -0.5217826, -0.1323943]
      orientation:
        - [1.000002, -0.004220956, 0.003872421]
        - [0.005723358, 0.7085799, -0.7056203]
        - [0.0002345017, 0.705618, 0.7086052]
  tf_mat_link4_0_flan4:
    target_pose:
      position: [0.09767342, -0.5160593, 0.1296576]
      orientation:
        - [1.000002, -0.004220595, 0.003872417]
        - [-0.0002342589, -0.7056192, -0.708604]
        - [0.005723099, 0.7085788, -0.7056214]
step_29:
  tf_mat_link1_0_flan1:
    target_pose:
      position: [0.1068964, -0.5216841, -0.1326434]
      orientation:
        - [1.000001, -0.004371842, 0.00401245]
        - [0.005929136, 0.7086319, -0.7055663]
        - [0.0002412689, 0.7055648, 0.7086583]
  tf_mat_link4_0_flan4:
    target_pose:
      position: [0.09724981, -0.5157535, 0.1298104]
      orientation:
        - [1.000001, -0.004371481, 0.004012445]
        - [-0.0002410266, -0.7055659, -0.7086571]
        - [0.005928876, 0.7086308, -0.7055675]
step_30:
  tf_mat_link1_0_flan1:
    target_pose:
      position: [0.1066334, -0.5215856, -0.1328928]
      orientation:
        - [0.9999992, -0.00452274, 0.00415293]
        - [0.006135255, 0.708684, -0.7055122]
        - [0.0002476759, 0.7055116, 0.7087111]
  tf_mat_link4_0_flan4:
    target_pose:
      position: [0.09682626, -0.5154476, 0.1299632]
      orientation:
        - [0.9999992, -0.004522379, 0.004152925]
        - [-0.0002474338, -0.7055127, -0.70871]
        - [0.006134995, 0.7086828, -0.7055134]
step_31:
  tf_mat_link1_0_flan1:
    target_pose:
      position: [0.1063702, -0.5214875, -0.1331419]
      orientation:
        - [0.999998, -0.004673648, 0.004293269]
        - [0.006341133, 0.708736, -0.705458]
        - [0.0002543121, 0.7054583, 0.7087641]
  tf_mat_link4_0_flan4:
    target_pose:
      position: [0.09640267, -0.5151418, 0.1301157]
      orientation:
        - [0.999998, -0.004673286, 0.004293265]
        - [-0.0002540702, -0.7054595, -0.7087629]
        - [0.006340872, 0.7087349, -0.7054592]
step_32:
  tf_mat_link1_0_flan1:
    target_pose:
      position: [0.1061071, -0.5213894, -0.1333912]
      orientation:
        - [0.9999965, -0.004824566, 0.004433706]
        - [0.00654727, 0.708788, -0.7054039]
        - [0.0002606716, 0.7054051, 0.708817]
  tf_mat_link4_0_flan4:
    target_pose:
      position: [0.09597904, -0.5148358, 0.1302679]
      orientation:
        - [0.9999965, -0.004824203, 0.004433701]
        - [-0.0002604297, -0.7054062, -0.7088158]
        - [0.00654701, 0.7087868, -0.7054051]
step_33:
  tf_mat_link1_0_flan1:
    target_pose:
      position: [0.1058438, -0.5212916, -0.1336404]
      orientation:
        - [0.9999952, -0.004975494, 0.004573882]
        - [0.006753164, 0.70884, -0.7053498]
        - [0.0002672605, 0.7053519, 0.7088699]
  tf_mat_link4_0_flan4:
    target_pose:
      position: [0.09555531, -0.51453, 0.13042]
      orientation:
        - [0.9999952, -0.004975132, 0.004573877]
        - [-0.0002670191, -0.705353, -0.7088688]
        - [0.006752904, 0.7088388, -0.7053509]
step_34:
  tf_mat_link1_0_flan1:
    target_pose:
      position: [0.1055805, -0.521194, -0.1338896]
      orientation:
        - [0.9999938, -0.005126433, 0.004714035]
        - [0.006959068, 0.7088918, -0.7052956]
        - [0.0002738258, 0.7052986, 0.7089229]
  tf_mat_link4_0_flan4:
    target_pose:
      position: [0.09513152, -0.5142241, 0.1305717]
      orientation:
        - [0.9999938, -0.005126071, 0.00471403]
        - [-0.0002735844, -0.7052997, -0.7089218]
        - [0.006958806, 0.7088907, -0.7052968]
step_35:
  tf_mat_link1_0_flan1:
    target_pose:
      position: [0.1053173, -0.5210965, -0.134139]
      orientation:
        - [0.9999923, -0.005277383, 0.004854522]
        - [0.007165145, 0.7089437, -0.7052414]
        - [0.0002801989, 0.7052453, 0.7089759]
  tf_mat_link4_0_flan4:
    target_pose:
      position: [0.0947078, -0.5139181, 0.1307233]
      orientation:
        - [0.9999923, -0.005277019, 0.004854518]
        - [-0.0002799582, -0.7052464, -0.7089747]
        - [0.007164883, 0.7089425, -0.7052425]
step_36:
  tf_mat_link1_0_flan1:
    target_pose:
      position: [0.105054, -0.5209993, -0.1343883]
      orientation:
        - [0.9999908, -0.005428341, 0.004994749]
        - [0.007371149, 0.7089956, -0.7051871]
        - [0.0002866327, 0.7051921, 0.7090289]
  tf_mat_link4_0_flan4:
    target_pose:
      position: [0.09428395, -0.5136122, 0.1308748]
      orientation:
        - [0.9999908, -0.005427978, 0.004994744]
        - [-0.000286392, -0.7051933, -0.7090277]
        - [0.007370887, 0.7089944, -0.7051883]
step_37:
  tf_mat_link1_0_flan1:
    target_pose:
      position: [0.1047906, -0.5209022, -0.1346375]
      orientation:
        - [0.9999892, -0.00557931, 0.005134835]
        - [0.007576908, 0.7090474, -0.7051329]
        - [0.0002932954, 0.7051389, 0.7090818]
  tf_mat_link4_0_flan4:
    target_pose:
      position: [0.09386003, -0.5133063, 0.1310259]
      orientation:
        - [0.9999892, -0.005578947, 0.00513483]
        - [-0.0002930549, -0.70514, -0.7090807]
        - [0.007576646, 0.7090462, -0.705134]
step_38:
  tf_mat_link1_0_flan1:
    target_pose:
      position: [0.1045272, -0.5208052, -0.134887]
      orientation:
        - [0.9999874, -0.005730289, 0.005275134]
        - [0.007782925, 0.7090991, -0.7050784]
        - [0.0002996817, 0.7050855, 0.7091346]
  tf_mat_link4_0_flan4:
    target_pose:
      position: [0.09343609, -0.5130002, 0.1311769]
      orientation:
        - [0.9999874, -0.005729925, 0.005275129]
        - [-0.0002994419, -0.7050866, -0.7091334]
        - [0.007782663, 0.7090979, -0.7050796]
step_39:
  tf_mat_link1_0_flan1:
    target_pose:
      position: [0.1042637, -0.5207084, -0.1351362]
      orientation:
        - [0.9999859, -0.00588128, 0.005415295]
        - [0.00798887, 0.7091508, -0.7050242]
        - [0.0003061285, 0.7050322, 0.7091877]
  tf_mat_link4_0_flan4:
    target_pose:
      position: [0.09301212, -0.5126941, 0.1313276]
      orientation:
        - [0.9999859, -0.005880915, 0.005415289]
        - [-0.0003058883, -0.7050334, -0.7091865]
        - [0.007988608, 0.7091497, -0.7050254]
step_40:
  tf_mat_link1_0_flan1:
    target_pose:
      position: [0.1040003, -0.520612, -0.1353856]
      orientation:
        - [0.9999844, -0.006032281, 0.005555552]
        - [0.008194824, 0.7092026, -0.70497]
        - [0.00031255, 0.7049791, 0.7092408]
  tf_mat_link4_0_flan4:
    target_pose:
      position: [0.09258815, -0.5123882, 0.1314781]
      orientation:
        - [0.9999844, -0.006031916, 0.005555546]
        - [-0.0003123111, -0.7049803, -0.7092397]
        - [0.00819456, 0.7092015, -0.7049711]
step_41:
  tf_mat_link1_0_flan1:
    target_pose:
      position: [0.1037368, -0.5205154, -0.135635]
      orientation:
        - [0.9999825, -0.00618329, 0.005695784]
        - [0.008400783, 0.7092542, -0.7049155]
        - [0.0003189514, 0.7049257, 0.7092937]
  tf_mat_link4_0_flan4:
    target_pose:
      position: [0.09216408, -0.512082, 0.1316285]
      orientation:
        - [0.9999825, -0.006182926, 0.005695777]
        - [-0.0003187121, -0.7049268, -0.7092925]
        - [0.00840052, 0.7092531, -0.7049167]
step_42:
  tf_mat_link1_0_flan1:
    target_pose:
      position: [0.1034733, -0.5204192, -0.1358845]
      orientation:
        - [0.9999807, -0.006334312, 0.005835993]
        - [0.008606834, 0.7093058, -0.7048609]
        - [0.0003252435, 0.7048724, 0.7093464]
  tf_mat_link4_0_flan4:
    target_pose:
      position: [0.09173998, -0.5117759, 0.1317786]
      orientation:
        - [0.9999806, -0.006333948, 0.005835987]
        - [-0.0003250046, -0.7048736, -0.7093453]
        - [0.008606572, 0.7093047, -0.7048621]
step_43:
  tf_mat_link1_0_flan1:
    target_pose:
      position: [0.1032098, -0.520323, -0.1361339]
      orientation:
        - [0.9999787, -0.006485343, 0.005976298]
        - [0.008812893, 0.7093574, -0.7048063]
        - [0.0003315117, 0.7048191, 0.7093993]
  tf_mat_link4_0_flan4:
    target_pose:
      position: [0.09131587, -0.5114697, 0.1319285]
      orientation:
        - [0.9999786, -0.006484978, 0.005976292]
        - [-0.0003312733, -0.7048202, -0.7093981]
        - [0.00881263, 0.7093562, -0.7048075]
step_44:
  tf_mat_link1_0_flan1:
    target_pose:
      position: [0.1029462, -0.5202273, -0.1363834]
      orientation:
        - [0.9999768, -0.006636384, 0.006116463]
        - [0.009018794, 0.7094089, -0.7047518]
        - [0.0003379253, 0.7047659, 0.7094522]
  tf_mat_link4_0_flan4:
    target_pose:
      position: [0.09089168, -0.5111636, 0.1320782]
      orientation:
        - [0.9999767, -0.006636019, 0.006116456]
        - [-0.0003376873, -0.704767, -0.709451]
        - [0.009018531, 0.7094078, -0.704753]
step_45:
  tf_mat_link1_0_flan1:
    target_pose:
      position: [0.1026825, -0.5201315, -0.1366328]
      orientation:
        - [0.999975, -0.006787436, 0.006256369]
        - [0.009224621, 0.7094605, -0.7046973]
        - [0.0003443984, 0.7047126, 0.7095051]
  tf_mat_link4_0_flan4:
    target_pose:
      position: [0.09046739, -0.5108575, 0.1322276]
      orientation:
        - [0.999975, -0.006787071, 0.006256362]
        - [-0.0003441614, -0.7047138, -0.709504]
        - [0.009224357, 0.7094594, -0.7046984]
step_46:
  tf_mat_link1_0_flan1:
    target_pose:
      position: [0.1024189, -0.520036, -0.1368823]
      orientation:
        - [0.9999731, -0.006938498, 0.006396607]
        - [0.009430623, 0.7095119, -0.7046428]
        - [0.0003506793, 0.7046593, 0.7095581]
  tf_mat_link4_0_flan4:
    target_pose:
      position: [0.09004315, -0.5105512, 0.1323769]
      orientation:
        - [0.999973, -0.006938133, 0.006396601]
        - [-0.0003504422, -0.7046604, -0.709557]
        - [0.009430358, 0.7095108, -0.7046439]
step_47:
  tf_mat_link1_0_flan1:
    target_pose:
      position: [0.1021552, -0.5199407, -0.1371317]
      orientation:
        - [0.9999712, -0.007089571, 0.006536587]
        - [0.009636465, 0.7095634, -0.7045882]
        - [0.0003571073, 0.7046059, 0.7096111]
  tf_mat_link4_0_flan4:
    target_pose:
      position: [0.08961879, -0.510245, 0.1325258]
      orientation:
        - [0.9999711, -0.007089205, 0.00653658]
        - [-0.0003568702, -0.7046071, -0.7096099]
        - [0.009636201, 0.7095622, -0.7045893]
step_48:
  tf_mat_link1_0_flan1:
    target_pose:
      position: [0.1018915, -0.5198455, -0.1373814]
      orientation:
        - [0.9999691, -0.007240653, 0.006676781]
        - [0.009842567, 0.7096149, -0.7045336]
        - [0.0003632563, 0.7045527, 0.709664]
  tf_mat_link4_0_flan4:
    target_pose:
      position: [0.08919445, -0.5099388, 0.1326747]
      orientation:
        - [0.9999691, -0.007240287, 0.006676773]
        - [-0.0003630197, -0.7045538, -0.7096629]
        - [0.009842303, 0.7096137, -0.7045347]
step_49:
  tf_mat_link1_0_flan1:
    target_pose:
      position: [0.1016277, -0.5197505, -0.1376308]
      orientation:
        - [0.999967, -0.007391745, 0.006816832]
        - [0.01004851, 0.7096662, -0.7044788]
        - [0.0003695502, 0.7044993, 0.7097169]
  tf_mat_link4_0_flan4:
    target_pose:
      position: [0.08877002, -0.5096325, 0.1328233]
      orientation:
        - [0.999967, -0.007391379, 0.006816825]
        - [-0.000369314, -0.7045004, -0.7097157]
        - [0.01004824, 0.7096651, -0.7044799]
step_50:
  tf_mat_link1_0_flan1:
    target_pose:
      position: [0.1013639, -0.5196556, -0.1378804]
      orientation:
        - [0.999965, -0.007542848, 0.006956863]
        - [0.01025438, 0.7097176, -0.7044242]
        - [0.000375906, 0.704446, 0.7097699]
  tf_mat_link4_0_flan4:
    target_pose:
      position: [0.08834558, -0.5093263, 0.1329717]
      orientation:
        - [0.999965, -0.007542482, 0.006956856]
        - [-0.0003756694, -0.7044472, -0.7097687]
        - [0.01025411, 0.7097164, -0.7044254]
step_51:
  tf_mat_link1_0_flan1:
    target_pose:
      position: [0.1011002, -0.519561, -0.1381301]
      orientation:
        - [0.9999626, -0.00769396, 0.007097344]
        - [0.01046059, 0.7097689, -0.7043693]
        - [0.0003819014, 0.7043927, 0.7098227]
  tf_mat_link4_0_flan4:
    target_pose:
      position: [0.08792122, -0.5090199, 0.13312]
      orientation:
        - [0.9999626, -0.007693594, 0.007097336]
        - [-0.0003816648, -0.7043938, -0.7098215]
        - [0.01046032, 0.7097678, -0.7043705]
step_52:
  tf_mat_link1_0_flan1:
    target_pose:
      position: [0.1008363, -0.5194665, -0.1383795]
      orientation:
        - [0.9999604, -0.007845082, 0.007237209]
        - [0.01066638, 0.70982, -0.7043145]
        - [0.0003882926, 0.7043393, 0.7098755]
  tf_mat_link4_0_flan4:
    target_pose:
      position: [0.08749662, -0.5087135, 0.1332679]
      orientation:
        - [0.9999604, -0.007844717, 0.007237201]
        - [-0.0003880573, -0.7043403, -0.7098744]
        - [0.01066612, 0.709819, -0.7043157]
step_53:
  tf_mat_link1_0_flan1:
    target_pose:
      position: [0.1005725, -0.5193722, -0.1386292]
      orientation:
        - [0.9999582, -0.007996216, 0.00737729]
        - [0.01087244, 0.7098714, -0.7042597]
        - [0.0003944081, 0.704286, 0.7099285]
  tf_mat_link4_0_flan4:
    target_pose:
      position: [0.08707204, -0.5084071, 0.1334157]
      orientation:
        - [0.9999581, -0.007995851, 0.007377282]
        - [-0.0003941729, -0.7042871, -0.7099273]
        - [0.01087218, 0.7098703, -0.7042609]
step_54:
  tf_mat_link1_0_flan1:
    target_pose:
      position: [0.1003085, -0.519278, -0.1388787]
      orientation:
        - [0.999956, -0.00814736, 0.00751723]
        - [0.01107834, 0.7099226, -0.704205]
        - [0.0004006685, 0.7042326, 0.7099814]
  tf_mat_link4_0_flan4:
    target_pose:
      position: [0.08664738, -0.5081008, 0.1335632]
      orientation:
        - [0.9999559, -0.008146993, 0.007517223]
        - [-0.0004004332, -0.7042336, -0.7099802]
        - [0.01107808, 0.7099214, -0.7042061]
step_55:
  tf_mat_link1_0_flan1:
    target_pose:
      position: [0.1000446, -0.5191842, -0.1391284]
      orientation:
        - [0.9999537, -0.008298513, 0.007657148]
        - [0.01128417, 0.7099738, -0.7041501]
        - [0.0004069889, 0.7041792, 0.7100343]
  tf_mat_link4_0_flan4:
    target_pose:
      position: [0.0862227, -0.5077944, 0.1337105]
      orientation:
        - [0.9999536, -0.008298145, 0.00765714]
        - [-0.0004067546, -0.7041803, -0.7100332]
        - [0.0112839, 0.7099726, -0.7041513]
step_56:
  tf_mat_link1_0_flan1:
    target_pose:
      position: [0.0997806, -0.5190904, -0.1393781]
      orientation:
        - [0.9999512, -0.008449679, 0.007797278]
        - [0.01149025, 0.710025, -0.7040951]
        - [0.0004130346, 0.7041259, 0.7100872]
  tf_mat_link4_0_flan4:
    target_pose:
      position: [0.08579804, -0.507488, 0.1338577]
      orientation:
        - [0.9999511, -0.008449311, 0.00779727]
        - [-0.0004128007, -0.704127, -0.710086]
        - [0.01148998, 0.7100238, -0.7040963]
step_57:
  tf_mat_link1_0_flan1:
    target_pose:
      position: [0.09951661, -0.5189968, -0.1396278]
      orientation:
        - [0.9999487, -0.008600852, 0.007937386]
        - [0.01169626, 0.710076, -0.7040401]
        - [0.0004191403, 0.7040726, 0.7101399]
  tf_mat_link4_0_flan4:
    target_pose:
      position: [0.0853733, -0.5071814, 0.1340046]
      orientation:
        - [0.9999486, -0.008600485, 0.007937377]
        - [-0.0004189064, -0.7040737, -0.7101388]
        - [0.01169599, 0.7100748, -0.7040412]
step_58:
  tf_mat_link1_0_flan1:
    target_pose:
      position: [0.09925254, -0.5189034, -0.1398775]
      orientation:
        - [0.9999463, -0.008752034, 0.008077236]
        - [0.01190211, 0.7101271, -0.7039852]
        - [0.0004253881, 0.7040192, 0.7101929]
  tf_mat_link4_0_flan4:
    target_pose:
      position: [0.08494848, -0.5068749, 0.1341513]
      orientation:
        - [0.9999462, -0.008751667, 0.008077228]
        - [-0.0004251547, -0.7040203, -0.7101918]
        - [0.01190184, 0.7101259, -0.7039863]
step_59:
  tf_mat_link1_0_flan1:
    target_pose:
      position: [0.0989885, -0.5188101, -0.1401271]
      orientation:
        - [0.9999439, -0.00890323, 0.008217301]
        - [0.01210813, 0.7101781, -0.7039303]
        - [0.0004314454, 0.7039658, 0.7102458]
  tf_mat_link4_0_flan4:
    target_pose:
      position: [0.08452369, -0.5065685, 0.1342977]
      orientation:
        - [0.9999438, -0.008902862, 0.008217293]
        - [-0.000431212, -0.7039669, -0.7102447]
        - [0.01210786, 0.7101769, -0.7039313]
step_60:
  tf_mat_link1_0_flan1:
    target_pose:
      position: [0.09872439, -0.5187172, -0.1403769]
      orientation:
        - [0.9999413, -0.009054435, 0.008357223]
        - [0.01231408, 0.7102292, -0.7038753]
        - [0.0004375651, 0.7039124, 0.7102987]
  tf_mat_link4_0_flan4:
    target_pose:
      position: [0.08409881, -0.5062621, 0.134444]
      orientation:
        - [0.9999413, -0.009054068, 0.008357215]
        - [-0.0004373317, -0.7039135, -0.7102976]
        - [0.01231381, 0.710228, -0.7038764]
step_61:
  tf_mat_link1_0_flan1:
    target_pose:
      position: [0.09846026, -0.5186241, -0.1406267]
      orientation:
        - [0.9999386, -0.00920565, 0.00849724]
        - [0.01252012, 0.7102801, -0.70382]
        - [0.000443575, 0.703859, 0.7103515]
  tf_mat_link4_0_flan4:
    target_pose:
      position: [0.08367389, -0.5059554, 0.1345901]
      orientation:
        - [0.9999385, -0.009205282, 0.008497231]
        - [-0.0004433425, -0.7038601, -0.7103503]
        - [0.01251985, 0.7102789, -0.7038212]
step_62:
  tf_mat_link1_0_flan1:
    target_pose:
      position: [0.09819613, -0.5185314, -0.1408764]
      orientation:
        - [0.999936, -0.009356874, 0.008637237]
        - [0.01272608, 0.710331, -0.7037649]
        - [0.0004496463, 0.7038056, 0.7104043]
  tf_mat_link4_0_flan4:
    target_pose:
      position: [0.08324895, -0.5056489, 0.134736]
      orientation:
        - [0.9999359, -0.009356505, 0.008637228]
        - [-0.0004494142, -0.7038067, -0.7104032]
        - [0.01272582, 0.7103298, -0.703766]
step_63:
  tf_mat_link1_0_flan1:
    target_pose:
      position: [0.09793188, -0.518439, -0.1411262]
      orientation:
        - [0.9999335, -0.009508108, 0.008776975]
        - [0.01293181, 0.7103819, -0.7037099]
        - [0.0004559453, 0.7037523, 0.7104573]
  tf_mat_link4_0_flan4:
    target_pose:
      position: [0.08282391, -0.5053424, 0.1348816]
      orientation:
        - [0.9999334, -0.009507739, 0.008776966]
        - [-0.0004557132, -0.7037534, -0.7104562]
        - [0.01293154, 0.7103807, -0.703711]
step_64:
  tf_mat_link1_0_flan1:
    target_pose:
      position: [0.09766769, -0.5183465, -0.1413761]
      orientation:
        - [0.9999305, -0.009659353, 0.008917159]
        - [0.01313804, 0.7104328, -0.7036545]
        - [0.0004617167, 0.7036989, 0.71051]
  tf_mat_link4_0_flan4:
    target_pose:
      position: [0.08239893, -0.5050356, 0.135027]
      orientation:
        - [0.9999304, -0.009658983, 0.00891715]
        - [-0.0004614846, -0.7037, -0.7105088]
        - [0.01313777, 0.7104316, -0.7036557]
step_65:
  tf_mat_link1_0_flan1:
    target_pose:
      position: [0.09740336, -0.5182545, -0.1416257]
      orientation:
        - [0.999928, -0.009810607, 0.009056735]
        - [0.01334378, 0.7104835, -0.7035996]
        - [0.0004679677, 0.7036455, 0.710563]
  tf_mat_link4_0_flan4:
    target_pose:
      position: [0.08197375, -0.5047291, 0.1351721]
      orientation:
        - [0.9999279, -0.009810237, 0.009056725]
        - [-0.0004677361, -0.7036465, -0.7105619]
        - [0.01334351, 0.7104823, -0.7036006]
step_66:
  tf_mat_link1_0_flan1:
    target_pose:
      position: [0.09713909, -0.5181625, -0.1418757]
      orientation:
        - [0.9999251, -0.009961871, 0.009196758]
        - [0.01354977, 0.7105343, -0.7035443]
        - [0.0004739426, 0.7035921, 0.7106158]
  tf_mat_link4_0_flan4:
    target_pose:
      position: [0.08154866, -0.5044224, 0.135317]
      orientation:
        - [0.999925, -0.009961502, 0.009196749]
        - [-0.0004737114, -0.7035932, -0.7106147]
        - [0.0135495, 0.7105331, -0.7035453]
step_67:
  tf_mat_link1_0_flan1:
    target_pose:
      position: [0.09687476, -0.5180706, -0.1421255]
      orientation:
        - [0.9999221, -0.01011315, 0.009336639]
        - [0.01375578, 0.7105851, -0.7034889]
        - [0.0004798956, 0.7035387, 0.7106686]
  tf_mat_link4_0_flan4:
    target_pose:
      position: [0.08112348, -0.5041156, 0.1354619]
      orientation:
        - [0.9999221, -0.01011278, 0.00933663]
        - [-0.0004796649, -0.7035397, -0.7106676]
        - [0.01375551, 0.7105839, -0.70349]
step_68:
  tf_mat_link1_0_flan1:
    target_pose:
      position: [0.09661043, -0.517979, -0.1423753]
      orientation:
        - [0.9999194, -0.01026443, 0.009476504]
        - [0.01396163, 0.7106357, -0.7034338]
        - [0.0004859916, 0.7034853, 0.7107216]
  tf_mat_link4_0_flan4:
    target_pose:
      position: [0.08069829, -0.503809, 0.1356064]
      orientation:
        - [0.9999194, -0.01026406, 0.009476494]
        - [-0.0004857604, -0.7034863, -0.7107205]
        - [0.01396136, 0.7106346, -0.7034348]
step_69:
  tf_mat_link1_0_flan1:
    target_pose:
      position: [0.09634605, -0.5178875, -0.1426253]
      orientation:
        - [0.9999163, -0.01041573, 0.009616459]
        - [0.01416773, 0.7106864, -0.7033783]
        - [0.0004918114, 0.7034318, 0.7107743]
  tf_mat_link4_0_flan4:
    target_pose:
      position: [0.08027305, -0.5035024, 0.1357508]
      orientation:
        - [0.9999163, -0.01041536, 0.009616449]
        - [-0.0004915802, -0.7034329, -0.7107732]
        - [0.01416746, 0.7106853, -0.7033793]
step_70:
  tf_mat_link1_0_flan1:
    target_pose:
      position: [0.09608166, -0.5177962, -0.1428752]
      orientation:
        - [0.9999133, -0.01056704, 0.009756394]
        - [0.01437376, 0.7107371, -0.7033229]
        - [0.0004976927, 0.7033784, 0.7108272]
  tf_mat_link4_0_flan4:
    target_pose:
      position: [0.07984778, -0.5031955, 0.1358949]
      orientation:
        - [0.9999133, -0.01056666, 0.009756383]
        - [-0.0004974625, -0.7033795, -0.7108261]
        - [0.01437349, 0.710736, -0.7033241]
step_71:
  tf_mat_link1_0_flan1:
    target_pose:
      position: [0.09581717, -0.5177051, -0.1431251]
      orientation:
        - [0.9999104, -0.01071835, 0.009896068]
        - [0.01457955, 0.7107877, -0.7032676]
        - [0.0005037999, 0.703325, 0.7108802]
  tf_mat_link4_0_flan4:
    target_pose:
      position: [0.07942242, -0.5028889, 0.1360388]
      orientation:
        - [0.9999104, -0.01071798, 0.009896058]
        - [-0.0005035701, -0.703326, -0.710879]
        - [0.01457927, 0.7107866, -0.7032688]
step_72:
  tf_mat_link1_0_flan1:
    target_pose:
      position: [0.09555275, -0.5176142, -0.143375]
      orientation:
        - [0.9999074, -0.01086968, 0.01003596]
        - [0.01478551, 0.7108383, -0.7032121]
        - [0.0005097184, 0.7032715, 0.7109329]
  tf_mat_link4_0_flan4:
    target_pose:
      position: [0.07899708, -0.5025821, 0.1361825]
      orientation:
        - [0.9999074, -0.0108693, 0.01003595]
        - [-0.000509489, -0.7032726, -0.7109318]
        - [0.01478524, 0.7108371, -0.7032132]
step_73:
  tf_mat_link1_0_flan1:
    target_pose:
      position: [0.09528819, -0.5175235, -0.143625]
      orientation:
        - [0.9999043, -0.01102101, 0.01017571]
        - [0.01499148, 0.7108888, -0.7031567]
        - [0.0005156114, 0.7032181, 0.7109857]
  tf_mat_link4_0_flan4:
    target_pose:
      position: [0.07857163, -0.5022752, 0.136326]
      orientation:
        - [0.9999043, -0.01102064, 0.0101757]
        - [-0.000515382, -0.7032192, -0.7109846]
        - [0.01499121, 0.7108877, -0.7031578]
step_74:
  tf_mat_link1_0_flan1:
    target_pose:
      position: [0.09502366, -0.5174327, -0.1438749]
      orientation:
        - [0.9999011, -0.01117235, 0.01031555]
        - [0.01519746, 0.7109392, -0.7031012]
        - [0.0005214815, 0.7031646, 0.7110386]
  tf_mat_link4_0_flan4:
    target_pose:
      position: [0.07814617, -0.5019684, 0.1364693]
      orientation:
        - [0.9999011, -0.01117198, 0.01031554]
        - [-0.0005212516, -0.7031657, -0.7110375]
        - [0.01519718, 0.7109381, -0.7031023]
step_75:
  tf_mat_link1_0_flan1:
    target_pose:
      position: [0.09475915, -0.5173424, -0.144125]
      orientation:
        - [0.9998977, -0.01132371, 0.0104556]
        - [0.01540352, 0.7109898, -0.7030455]
        - [0.0005272436, 0.7031112, 0.7110912]
  tf_mat_link4_0_flan4:
    target_pose:
      position: [0.07772075, -0.5016615, 0.1366123]
      orientation:
        - [0.9998977, -0.01132334, 0.01045559]
        - [-0.0005270151, -0.7031122, -0.7110901]
        - [0.01540325, 0.7109886, -0.7030466]
step_76:
  tf_mat_link1_0_flan1:
    target_pose:
      position: [0.09449454, -0.5172521, -0.144375]
      orientation:
        - [0.9998946, -0.01147507, 0.01059529]
        - [0.01560943, 0.7110401, -0.7029899]
        - [0.00053315, 0.7030577, 0.711144]
  tf_mat_link4_0_flan4:
    target_pose:
      position: [0.07729519, -0.5013546, 0.1367552]
      orientation:
        - [0.9998946, -0.0114747, 0.01059528]
        - [-0.0005329216, -0.7030588, -0.711143]
        - [0.01560916, 0.711039, -0.702991]
step_77:
  tf_mat_link1_0_flan1:
    target_pose:
      position: [0.09422988, -0.5171621, -0.144625]
      orientation:
