init_floating_base: [0, 0, 0.45, 0, 0.7071, 0, 0.7071]
gold_floating_base: [0.391652, -0.149021, 0.18, -0.026624, 0.752424, 0.0795403, 0.653316]