init_floating_base: [0, 0, 0.45, 0, 0.7071, 0, 0.7071]
gold_floating_base: [0.390087, -0.160233, 0.25, 0.0240475, 0.744255, 0.136694, 0.653316]