init_floating_base: [0, 0, 0.45, 0, 0.7071, 0, 0.7071]
init_joint_angles: [2.041711, -0.616538,2.032447,-1.33452,1.159544,-2.898303,-2.041711,-0.616538,2.032447,1.33452,1.159544,-0.24329]
floating_base: [0.390087, -0.160233, 0.25, 0.0240475, 0.744255, 0.136694, 0.653316]
joint_angles: [1.77828, -2.0944, 2.34578, -3.1416, 0.287532, -3.1416, -1.93309, -2.04867, 2.13428, 0.412804, 1.04656, -3.1416]