step_0:
  tf_mat_link1_0_flan1:
    target_pose:
      position: [0.123686, -0.5246239, -0.1256825]
      orientation:
        - [0.996799, 0.07061249, 0.03800357]
        - [-0.02309966, 0.7066823, -0.7071673]
        - [-0.07678938, 0.7039987, 0.7060513]
  tf_mat_link4_0_flan4:
    target_pose:
      position: [0.109514, -0.5246123, 0.1252904]
      orientation:
        - [1.000019, 4.17549e-09, -6.177052e-05]
        - [-4.367543e-05, -0.7071074, -0.7071198]
        - [-4.368127e-05, 0.7071062, -0.707121]
step_1:
  tf_mat_link1_0_flan1:
    target_pose:
      position: [0.1234239, -0.5245185, -0.1259312]
      orientation:
        - [0.9968041, 0.070462, 0.03814442]
        - [-0.0229, 0.7067497, -0.7071064]
        - [-0.07678079, 0.7039462, 0.7061046]
  tf_mat_link4_0_flan4:
    target_pose:
      position: [0.1090918, -0.5243071, 0.1254493]
      orientation:
        - [1.000019, -0.0001505899, 7.906929e-05]
        - [-5.055376e-05, -0.7070543, -0.7071728]
        - [0.0001624064, 0.7071593, -0.7070677]
step_2:
  tf_mat_link1_0_flan1:
    target_pose:
      position: [0.1231617, -0.5244134, -0.1261797]
      orientation:
        - [0.9968092, 0.07031148, 0.03828495]
        - [-0.02270054, 0.7068171, -0.7070455]
        - [-0.076772, 0.7038936, 0.7061579]
  tf_mat_link4_0_flan4:
    target_pose:
      position: [0.1086694, -0.5240018, 0.1256078]
      orientation:
        - [1.000019, -0.0003011946, 0.0002195884]
        - [-5.761939e-05, -0.7070011, -0.7072258]
        - [0.0003682918, 0.7072123, -0.7070146]
step_3:
  tf_mat_link1_0_flan1:
    target_pose:
      position: [0.1228996, -0.5243085, -0.1264284]
      orientation:
        - [0.9968146, 0.07016099, 0.03842571]
        - [-0.022501, 0.7068843, -0.7069846]
        - [-0.07676335, 0.703841, 0.7062112]
  tf_mat_link4_0_flan4:
    target_pose:
      position: [0.1082471, -0.5236968, 0.1257663]
      orientation:
        - [1.000019, -0.0004518098, 0.0003603233]
        - [-6.457726e-05, -0.7069481, -0.7072789]
        - [0.00057427, 0.7072653, -0.7069615]
step_4:
  tf_mat_link1_0_flan1:
    target_pose:
      position: [0.1226373, -0.5242038, -0.126677]
      orientation:
        - [0.9968198, 0.07001046, 0.03856619]
        - [-0.02230161, 0.7069516, -0.7069237]
        - [-0.07675454, 0.7037884, 0.7062646]
  tf_mat_link4_0_flan4:
    target_pose:
      position: [0.1078247, -0.5233916, 0.1259245]
      orientation:
        - [1.000019, -0.0006024355, 0.0005007974]
        - [-7.168025e-05, -0.706895, -0.707332]
        - [0.0007800884, 0.7073182, -0.7069083]
step_5:
  tf_mat_link1_0_flan1:
    target_pose:
      position: [0.122375, -0.5240991, -0.1269257]
      orientation:
        - [0.9968248, 0.06985991, 0.03870689]
        - [-0.02210204, 0.7070189, -0.7068627]
        - [-0.07674592, 0.7037359, 0.706318]
  tf_mat_link4_0_flan4:
    target_pose:
      position: [0.1074023, -0.5230864, 0.1260825]
      orientation:
        - [1.000019, -0.0007530718, 0.000641487]
        - [-7.859122e-05, -0.7068419, -0.707385]
        - [0.0009860835, 0.7073712, -0.7068551]
step_6:
  tf_mat_link1_0_flan1:
    target_pose:
      position: [0.1221128, -0.5239946, -0.1271744]
      orientation:
        - [0.9968298, 0.06970935, 0.03884755]
        - [-0.02190245, 0.7070861, -0.7068016]
        - [-0.07673731, 0.7036833, 0.7063711]
  tf_mat_link4_0_flan4:
    target_pose:
      position: [0.1069798, -0.5227811, 0.1262403]
      orientation:
        - [1.000018, -0.0009037186, 0.000782154]
        - [-8.547879e-05, -0.7067888, -0.7074379]
        - [0.001192087, 0.707424, -0.7068017]
step_7:
  tf_mat_link1_0_flan1:
    target_pose:
      position: [0.1218505, -0.5238903, -0.1274231]
      orientation:
        - [0.9968347, 0.06955878, 0.0389882]
        - [-0.02170279, 0.7071531, -0.7067405]
        - [-0.07672881, 0.7036306, 0.7064244]
  tf_mat_link4_0_flan4:
    target_pose:
      position: [0.1065573, -0.5224757, 0.1263979]
      orientation:
        - [1.000018, -0.001054376, 0.0009227984]
        - [-9.225846e-05, -0.7067357, -0.7074909]
        - [0.001398183, 0.7074769, -0.7067484]
step_8:
  tf_mat_link1_0_flan1:
    target_pose:
      position: [0.121588, -0.5237864, -0.1276718]
      orientation:
        - [0.9968398, 0.06940821, 0.03912859]
        - [-0.02150344, 0.7072203, -0.7066795]
        - [-0.07672002, 0.7035781, 0.7064778]
  tf_mat_link4_0_flan4:
    target_pose:
      position: [0.1061346, -0.5221705, 0.1265552]
      orientation:
        - [1.000018, -0.001205044, 0.001063182]
        - [-9.93517e-05, -0.7066825, -0.707544]
        - [0.001603951, 0.7075297, -0.7066951]
step_9:
  tf_mat_link1_0_flan1:
    target_pose:
      position: [0.1213256, -0.5236824, -0.1279205]
      orientation:
        - [0.9968446, 0.06925761, 0.03926931]
        - [-0.02130383, 0.7072874, -0.7066184]
        - [-0.07671148, 0.7035254, 0.706531]
  tf_mat_link4_0_flan4:
    target_pose:
      position: [0.105712, -0.5218651, 0.1267123]
      orientation:
        - [1.000017, -0.001355722, 0.0012039]
        - [-0.000106169, -0.7066294, -0.7075971]
        - [0.00180998, 0.7075825, -0.7066417]
step_10:
  tf_mat_link1_0_flan1:
    target_pose:
      position: [0.1210632, -0.5235788, -0.1281693]
      orientation:
        - [0.9968497, 0.069107, 0.03940966]
        - [-0.02110447, 0.7073545, -0.7065573]
        - [-0.07670274, 0.703473, 0.7065845]
  tf_mat_link4_0_flan4:
    target_pose:
      position: [0.1052893, -0.5215599, 0.1268693]
      orientation:
        - [1.000017, -0.001506411, 0.001344239]
        - [-0.0001132155, -0.7065764, -0.7076502]
        - [0.002015765, 0.7076353, -0.7065884]
step_11:
  tf_mat_link1_0_flan1:
    target_pose:
      position: [0.1208007, -0.5234752, -0.1284181]
      orientation:
        - [0.9968545, 0.06895638, 0.03955021]
        - [-0.02090492, 0.7074216, -0.7064961]
        - [-0.07669417, 0.7034203, 0.7066377]
  tf_mat_link4_0_flan4:
    target_pose:
      position: [0.1048666, -0.5212545, 0.1270261]
      orientation:
        - [1.000016, -0.00165711, 0.001484793]
        - [-0.0001200698, -0.7065232, -0.7077033]
        - [0.002221727, 0.707688, -0.706535]
step_12:
  tf_mat_link1_0_flan1:
    target_pose:
      position: [0.1205381, -0.5233716, -0.1286668]
      orientation:
        - [0.9968591, 0.06880573, 0.03969073]
        - [-0.02070528, 0.7074884, -0.7064347]
        - [-0.07668569, 0.7033676, 0.7066908]
  tf_mat_link4_0_flan4:
    target_pose:
      position: [0.1044438, -0.5209489, 0.1271825]
      orientation:
        - [1.000016, -0.001807819, 0.001625323]
        - [-0.0001268163, -0.70647, -0.7077561]
        - [0.002427781, 0.7077406, -0.7064814]
step_13:
  tf_mat_link1_0_flan1:
    target_pose:
      position: [0.1202756, -0.5232686, -0.1289158]
      orientation:
        - [0.9968638, 0.06865507, 0.03983136]
        - [-0.02050573, 0.7075555, -0.7063735]
        - [-0.07667717, 0.7033151, 0.7067441]
  tf_mat_link4_0_flan4:
    target_pose:
      position: [0.104021, -0.5206435, 0.1273388]
      orientation:
        - [1.000015, -0.00195854, 0.001765951]
        - [-0.0001336238, -0.7064169, -0.7078092]
        - [0.002633759, 0.7077933, -0.7064279]
step_14:
  tf_mat_link1_0_flan1:
    target_pose:
      position: [0.1200131, -0.5231654, -0.1291645]
      orientation:
        - [0.9968684, 0.06850441, 0.03997196]
        - [-0.02030615, 0.7076223, -0.7063122]
        - [-0.07666866, 0.7032623, 0.7067974]
  tf_mat_link4_0_flan4:
    target_pose:
      position: [0.1035982, -0.5203381, 0.1274949]
      orientation:
        - [1.000015, -0.002109271, 0.001906556]
        - [-0.0001404079, -0.7063637, -0.7078621]
        - [0.002839746, 0.7078459, -0.7063743]
step_15:
  tf_mat_link1_0_flan1:
    target_pose:
      position: [0.1197504, -0.5230626, -0.1294134]
      orientation:
        - [0.9968732, 0.06835373, 0.04011242]
        - [-0.02010657, 0.7076893, -0.7062508]
        - [-0.07666019, 0.7032098, 0.7068507]
  tf_mat_link4_0_flan4:
    target_pose:
      position: [0.1031753, -0.5200326, 0.1276508]
      orientation:
        - [1.000014, -0.002260012, 0.00204702]
        - [-0.0001471683, -0.7063106, -0.7079151]
        - [0.003045742, 0.7078985, -0.7063208]
step_16:
  tf_mat_link1_0_flan1:
    target_pose:
      position: [0.1194878, -0.5229599, -0.1296622]
      orientation:
        - [0.9968779, 0.06820306, 0.04025273]
        - [-0.01990714, 0.7077561, -0.7061896]
        - [-0.07665157, 0.7031571, 0.706904]
  tf_mat_link4_0_flan4:
    target_pose:
      position: [0.1027523, -0.5197272, 0.1278064]
      orientation:
        - [1.000013, -0.002410763, 0.002187342]
        - [-0.0001540732, -0.7062574, -0.7079682]
        - [0.003251578, 0.707951, -0.7062672]
step_17:
  tf_mat_link1_0_flan1:
    target_pose:
      position: [0.1192251, -0.5228575, -0.1299112]
      orientation:
        - [0.9968824, 0.06805235, 0.04039326]
        - [-0.01970763, 0.7078229, -0.7061281]
        - [-0.07664306, 0.7031045, 0.7069572]
  tf_mat_link4_0_flan4:
    target_pose:
      position: [0.1023293, -0.5194216, 0.1279619]
      orientation:
        - [1.000013, -0.002561525, 0.002327879]
        - [-0.0001608712, -0.7062044, -0.7080212]
        - [0.003457505, 0.7080036, -0.7062136]
step_18:
  tf_mat_link1_0_flan1:
    target_pose:
      position: [0.1189624, -0.522755, -0.1301601]
      orientation:
        - [0.996887, 0.06790163, 0.04053376]
        - [-0.01950801, 0.7078897, -0.7060667]
        - [-0.07663464, 0.7030518, 0.7070105]
  tf_mat_link4_0_flan4:
    target_pose:
      position: [0.1019063, -0.519116, 0.1281171]
      orientation:
        - [1.000012, -0.002712298, 0.002468394]
        - [-0.000167561, -0.7061511, -0.7080742]
        - [0.003663526, 0.708056, -0.7061599]
step_19:
  tf_mat_link1_0_flan1:
    target_pose:
      position: [0.1186996, -0.522653, -0.1304091]
      orientation:
        - [0.9968914, 0.06775089, 0.04067424]
        - [-0.01930848, 0.7079564, -0.7060053]
        - [-0.07662618, 0.7029991, 0.7070638]
  tf_mat_link4_0_flan4:
    target_pose:
      position: [0.1014832, -0.5188104, 0.1282721]
      orientation:
        - [1.000011, -0.002863081, 0.002608886]
        - [-0.0001743116, -0.706098, -0.7081272]
        - [0.003869471, 0.7081084, -0.7061062]
step_20:
  tf_mat_link1_0_flan1:
    target_pose:
      position: [0.1184369, -0.5225509, -0.1306579]
      orientation:
        - [0.9968959, 0.06760015, 0.04081469]
        - [-0.01910885, 0.7080231, -0.7059438]
        - [-0.07661781, 0.7029464, 0.707117]
  tf_mat_link4_0_flan4:
    target_pose:
      position: [0.1010601, -0.5185048, 0.1284269]
      orientation:
        - [1.00001, -0.003013874, 0.002749356]
        - [-0.0001809541, -0.7060447, -0.7081801]
        - [0.004075508, 0.7081608, -0.7060525]
step_21:
  tf_mat_link1_0_flan1:
    target_pose:
      position: [0.118174, -0.5224492, -0.130907]
      orientation:
        - [0.9969004, 0.0674494, 0.04095501]
        - [-0.01890939, 0.7080899, -0.7058823]
        - [-0.07660932, 0.7028939, 0.7071703]
  tf_mat_link4_0_flan4:
    target_pose:
      position: [0.1006369, -0.5181993, 0.1285815]
      orientation:
        - [1.000009, -0.003164678, 0.002889683]
        - [-0.0001877422, -0.7059916, -0.7082332]
        - [0.004281386, 0.7082132, -0.7059987]
step_22:
  tf_mat_link1_0_flan1:
    target_pose:
      position: [0.1179112, -0.5223476, -0.1311559]
      orientation:
        - [0.996905, 0.06729864, 0.04109541]
        - [-0.01870981, 0.7081565, -0.7058208]
        - [-0.07660092, 0.7028412, 0.7072236]
  tf_mat_link4_0_flan4:
    target_pose:
      position: [0.1002137, -0.5178936, 0.1287358]
      orientation:
        - [1.000008, -0.003315492, 0.003030108]
        - [-0.0001944218, -0.7059385, -0.7082862]
        - [0.004487356, 0.7082655, -0.705945]
step_23:
  tf_mat_link1_0_flan1:
    target_pose:
      position: [0.1176482, -0.5222461, -0.131405]
      orientation:
        - [0.9969093, 0.06714785, 0.04123568]
        - [-0.01851032, 0.708223, -0.7057592]
        - [-0.07659245, 0.7027884, 0.7072768]
  tf_mat_link4_0_flan4:
    target_pose:
      position: [0.09979038, -0.517588, 0.12889]
      orientation:
        - [1.000008, -0.003466316, 0.003170391]
        - [-0.0002011618, -0.7058852, -0.7083392]
        - [0.004693251, 0.7083178, -0.7058911]
step_24:
  tf_mat_link1_0_flan1:
    target_pose:
      position: [0.1173853, -0.5221449, -0.1316541]
      orientation:
        - [0.9969133, 0.06699704, 0.04137626]
        - [-0.01831066, 0.7082897, -0.7056975]
        - [-0.07658418, 0.7027357, 0.70733]
  tf_mat_link4_0_flan4:
    target_pose:
      position: [0.0993671, -0.5172822, 0.129044]
      orientation:
        - [1.000006, -0.003617151, 0.003311007]
        - [-0.0002077111, -0.7058321, -0.7083921]
        - [0.004899321, 0.7083701, -0.7058372]
step_25:
  tf_mat_link1_0_flan1:
    target_pose:
      position: [0.1171223, -0.5220437, -0.131903]
      orientation:
        - [0.9969177, 0.06684624, 0.04151648]
        - [-0.01811123, 0.7083562, -0.7056359]
        - [-0.07657569, 0.702683, 0.7073833]
  tf_mat_link4_0_flan4:
    target_pose:
      position: [0.09894373, -0.5169765, 0.1291977]
      orientation:
        - [1.000005, -0.003767997, 0.003451244]
        - [-0.0002144886, -0.7057788, -0.7084452]
        - [0.005105147, 0.7084223, -0.7057834]
step_26:
  tf_mat_link1_0_flan1:
    target_pose:
      position: [0.1168594, -0.5219427, -0.1321521]
      orientation:
        - [0.9969215, 0.06669538, 0.04165702]
        - [-0.01791147, 0.7084226, -0.705574]
        - [-0.07656754, 0.7026302, 0.7074363]
  tf_mat_link4_0_flan4:
    target_pose:
      position: [0.09852035, -0.5166706, 0.1293512]
      orientation:
        - [1.000004, -0.003918852, 0.003591815]
        - [-0.0002209056, -0.7057256, -0.7084979]
        - [0.005311317, 0.7084744, -0.7057293]
step_27:
  tf_mat_link1_0_flan1:
    target_pose:
      position: [0.1165963, -0.5218421, -0.1324011]
      orientation:
        - [0.9969261, 0.06654456, 0.04179708]
        - [-0.01771209, 0.7084891, -0.7055125]
        - [-0.076559, 0.7025776, 0.7074897]
  tf_mat_link4_0_flan4:
    target_pose:
      position: [0.09809686, -0.5163651, 0.1295045]
      orientation:
        - [1.000003, -0.004069718, 0.00373189]
        - [-0.0002277203, -0.7056724, -0.708551]
        - [0.005517079, 0.7085266, -0.7056755]
step_28:
  tf_mat_link1_0_flan1:
    target_pose:
      position: [0.1163333, -0.5217416, -0.1326503]
      orientation:
        - [0.9969301, 0.06639372, 0.04193757]
        - [-0.01751247, 0.7085556, -0.7054507]
        - [-0.07655074, 0.7025249, 0.7075429]
  tf_mat_link4_0_flan4:
    target_pose:
      position: [0.09767342, -0.5160593, 0.1296576]
      orientation:
        - [1.000002, -0.004220595, 0.003872417]
        - [-0.0002342589, -0.7056192, -0.708604]
        - [0.005723099, 0.7085788, -0.7056214]
step_29:
  tf_mat_link1_0_flan1:
    target_pose:
      position: [0.1160701, -0.5216412, -0.1328993]
      orientation:
        - [0.9969344, 0.06624287, 0.04207758]
        - [-0.01731309, 0.7086219, -0.705389]
        - [-0.07654226, 0.7024722, 0.7075962]
  tf_mat_link4_0_flan4:
    target_pose:
      position: [0.09724981, -0.5157535, 0.1298104]
      orientation:
        - [1.000001, -0.004371481, 0.004012445]
        - [-0.0002410266, -0.7055659, -0.7086571]
        - [0.005928876, 0.7086308, -0.7055675]
step_30:
  tf_mat_link1_0_flan1:
    target_pose:
      position: [0.115807, -0.5215409, -0.1331486]
      orientation:
        - [0.9969382, 0.06609198, 0.04221803]
        - [-0.01711337, 0.7086883, -0.7053271]
        - [-0.07653412, 0.7024195, 0.7076494]
  tf_mat_link4_0_flan4:
    target_pose:
      position: [0.09682626, -0.5154476, 0.1299632]
      orientation:
        - [0.9999992, -0.004522379, 0.004152925]
        - [-0.0002474338, -0.7055127, -0.70871]
        - [0.006134995, 0.7086828, -0.7055134]
step_31:
  tf_mat_link1_0_flan1:
    target_pose:
      position: [0.1155438, -0.5214409, -0.1333977]
      orientation:
        - [0.9969423, 0.06594109, 0.04235834]
        - [-0.01691389, 0.7087547, -0.7052652]
        - [-0.07652576, 0.7023667, 0.7077025]
  tf_mat_link4_0_flan4:
    target_pose:
      position: [0.09640267, -0.5151418, 0.1301157]
      orientation:
        - [0.999998, -0.004673286, 0.004293265]
        - [-0.0002540702, -0.7054595, -0.7087629]
        - [0.006340872, 0.7087349, -0.7054592]
step_32:
  tf_mat_link1_0_flan1:
    target_pose:
      position: [0.1152807, -0.521341, -0.1336469]
      orientation:
        - [0.9969462, 0.06579018, 0.04249873]
        - [-0.01671415, 0.7088209, -0.7052033]
        - [-0.07651767, 0.702314, 0.7077557]
  tf_mat_link4_0_flan4:
    target_pose:
      position: [0.09597904, -0.5148358, 0.1302679]
      orientation:
        - [0.9999965, -0.004824203, 0.004433701]
        - [-0.0002604297, -0.7054062, -0.7088158]
        - [0.00654701, 0.7087868, -0.7054051]
step_33:
  tf_mat_link1_0_flan1:
    target_pose:
      position: [0.1150174, -0.5212413, -0.1338961]
      orientation:
        - [0.9969501, 0.06563926, 0.04263888]
        - [-0.01651465, 0.7088872, -0.7051414]
        - [-0.07650936, 0.7022612, 0.707809]
  tf_mat_link4_0_flan4:
    target_pose:
      position: [0.09555531, -0.51453, 0.13042]
      orientation:
        - [0.9999952, -0.004975132, 0.004573877]
        - [-0.0002670191, -0.705353, -0.7088688]
        - [0.006752904, 0.7088388, -0.7053509]
step_34:
  tf_mat_link1_0_flan1:
    target_pose:
      position: [0.1147541, -0.5211418, -0.1341452]
      orientation:
        - [0.9969541, 0.06548835, 0.04277899]
        - [-0.01631513, 0.7089533, -0.7050794]
        - [-0.07650106, 0.7022085, 0.7078622]
  tf_mat_link4_0_flan4:
    target_pose:
      position: [0.09513152, -0.5142241, 0.1305717]
      orientation:
        - [0.9999938, -0.005126071, 0.00471403]
        - [-0.0002735844, -0.7052997, -0.7089218]
        - [0.006958806, 0.7088907, -0.7052968]
step_35:
  tf_mat_link1_0_flan1:
    target_pose:
      position: [0.1144909, -0.5210425, -0.1343945]
      orientation:
        - [0.9969579, 0.0653374, 0.04291944]
        - [-0.01611544, 0.7090195, -0.7050174]
        - [-0.07649297, 0.7021556, 0.7079154]
  tf_mat_link4_0_flan4:
    target_pose:
      position: [0.0947078, -0.5139181, 0.1307233]
      orientation:
        - [0.9999923, -0.005277019, 0.004854518]
        - [-0.0002799582, -0.7052464, -0.7089747]
        - [0.007164883, 0.7089425, -0.7052425]
step_36:
  tf_mat_link1_0_flan1:
    target_pose:
      position: [0.1142275, -0.5209433, -0.1346438]
      orientation:
        - [0.9969617, 0.06518644, 0.04305963]
        - [-0.01591583, 0.7090858, -0.7049555]
        - [-0.07648481, 0.702103, 0.7079686]
  tf_mat_link4_0_flan4:
    target_pose:
      position: [0.09428395, -0.5136122, 0.1308748]
      orientation:
        - [0.9999908, -0.005427978, 0.004994744]
        - [-0.000286392, -0.7051933, -0.7090277]
        - [0.007370887, 0.7089944, -0.7051883]
step_37:
  tf_mat_link1_0_flan1:
    target_pose:
      position: [0.1139641, -0.5208443, -0.1348929]
      orientation:
        - [0.9969656, 0.06503548, 0.04319967]
        - [-0.01571646, 0.7091518, -0.7048935]
        - [-0.07647642, 0.7020501, 0.7080218]
  tf_mat_link4_0_flan4:
    target_pose:
      position: [0.09386003, -0.5133063, 0.1310259]
      orientation:
        - [0.9999892, -0.005578947, 0.00513483]
        - [-0.0002930549, -0.70514, -0.7090807]
        - [0.007576646, 0.7090462, -0.705134]
step_38:
  tf_mat_link1_0_flan1:
    target_pose:
      position: [0.1137007, -0.5207455, -0.1351423]
      orientation:
        - [0.996969, 0.06488447, 0.04333992]
        - [-0.01551682, 0.7092178, -0.7048312]
        - [-0.07646829, 0.7019973, 0.7080749]
  tf_mat_link4_0_flan4:
    target_pose:
      position: [0.09343609, -0.5130002, 0.1311769]
      orientation:
        - [0.9999874, -0.005729925, 0.005275129]
        - [-0.0002994419, -0.7050866, -0.7091334]
        - [0.007782663, 0.7090979, -0.7050796]
step_39:
  tf_mat_link1_0_flan1:
    target_pose:
      position: [0.1134373, -0.5206468, -0.1353915]
      orientation:
        - [0.9969729, 0.06473349, 0.04348004]
        - [-0.01531726, 0.7092839, -0.7047693]
        - [-0.07646012, 0.7019445, 0.7081282]
  tf_mat_link4_0_flan4:
    target_pose:
      position: [0.09301212, -0.5126941, 0.1313276]
      orientation:
        - [0.9999859, -0.005880915, 0.005415289]
        - [-0.0003058883, -0.7050334, -0.7091865]
        - [0.007988608, 0.7091497, -0.7050254]
step_40:
  tf_mat_link1_0_flan1:
    target_pose:
      position: [0.1131739, -0.5205485, -0.1356408]
      orientation:
        - [0.9969767, 0.0645825, 0.04362025]
        - [-0.01511769, 0.70935, -0.7047073]
        - [-0.07645199, 0.7018919, 0.7081816]
  tf_mat_link4_0_flan4:
    target_pose:
      position: [0.09258815, -0.5123882, 0.1314781]
      orientation:
        - [0.9999844, -0.006031916, 0.005555546]
        - [-0.0003123111, -0.7049803, -0.7092397]
        - [0.00819456, 0.7092015, -0.7049711]
step_41:
  tf_mat_link1_0_flan1:
    target_pose:
      position: [0.1129104, -0.5204501, -0.1358902]
      orientation:
        - [0.9969802, 0.06443146, 0.04376043]
        - [-0.01491811, 0.7094159, -0.704645]
        - [-0.07644385, 0.701839, 0.7082346]
  tf_mat_link4_0_flan4:
    target_pose:
      position: [0.09216408, -0.512082, 0.1316285]
      orientation:
        - [0.9999825, -0.006182926, 0.005695777]
        - [-0.0003187121, -0.7049268, -0.7092925]
        - [0.00840052, 0.7092531, -0.7049167]
step_42:
  tf_mat_link1_0_flan1:
    target_pose:
      position: [0.1126469, -0.520352, -0.1361396]
      orientation:
        - [0.9969837, 0.06428041, 0.04390059]
        - [-0.01471845, 0.7094819, -0.7045827]
        - [-0.07643583, 0.7017862, 0.7082877]
  tf_mat_link4_0_flan4:
    target_pose:
      position: [0.09173998, -0.5117759, 0.1317786]
      orientation:
        - [0.9999806, -0.006333948, 0.005835987]
        - [-0.0003250046, -0.7048736, -0.7093453]
        - [0.008606572, 0.7093047, -0.7048621]
step_43:
  tf_mat_link1_0_flan1:
    target_pose:
      position: [0.1123833, -0.520254, -0.1363889]
      orientation:
        - [0.996987, 0.06412935, 0.04404083]
        - [-0.01451877, 0.7095476, -0.7045202]
        - [-0.07642782, 0.7017332, 0.7083407]
  tf_mat_link4_0_flan4:
    target_pose:
      position: [0.09131587, -0.5114697, 0.1319285]
      orientation:
        - [0.9999786, -0.006484978, 0.005976292]
        - [-0.0003312733, -0.7048202, -0.7093981]
        - [0.00881263, 0.7093562, -0.7048075]
step_44:
  tf_mat_link1_0_flan1:
    target_pose:
      position: [0.1121197, -0.5201563, -0.1366383]
      orientation:
        - [0.9969904, 0.06397829, 0.04418094]
        - [-0.01431924, 0.7096136, -0.7044581]
        - [-0.07641967, 0.7016805, 0.7083939]
  tf_mat_link4_0_flan4:
    target_pose:
      position: [0.09089168, -0.5111636, 0.1320782]
      orientation:
        - [0.9999767, -0.006636019, 0.006116456]
        - [-0.0003376873, -0.704767, -0.709451]
        - [0.009018531, 0.7094078, -0.704753]
step_45:
  tf_mat_link1_0_flan1:
    target_pose:
      position: [0.111856, -0.5200588, -0.1368877]
      orientation:
        - [0.996994, 0.06382723, 0.0443208]
        - [-0.01411979, 0.7096794, -0.7043958]
        - [-0.07641147, 0.7016278, 0.7084472]
  tf_mat_link4_0_flan4:
    target_pose:
      position: [0.09046739, -0.5108575, 0.1322276]
      orientation:
        - [0.999975, -0.006787071, 0.006256362]
        - [-0.0003441614, -0.7047138, -0.709504]
        - [0.009224357, 0.7094594, -0.7046984]
step_46:
  tf_mat_link1_0_flan1:
    target_pose:
      position: [0.1115924, -0.5199614, -0.1371372]
      orientation:
        - [0.9969974, 0.06367613, 0.04446099]
        - [-0.01392016, 0.7097452, -0.7043335]
        - [-0.07640345, 0.7015749, 0.7085004]
  tf_mat_link4_0_flan4:
    target_pose:
      position: [0.09004315, -0.5105512, 0.1323769]
      orientation:
        - [0.999973, -0.006938133, 0.006396601]
        - [-0.0003504422, -0.7046604, -0.709557]
        - [0.009430358, 0.7095108, -0.7046439]
step_47:
  tf_mat_link1_0_flan1:
    target_pose:
      position: [0.1113286, -0.5198642, -0.1373865]
      orientation:
        - [0.9970009, 0.06352504, 0.04460092]
        - [-0.01372069, 0.709811, -0.7042711]
        - [-0.0763953, 0.7015221, 0.7085536]
  tf_mat_link4_0_flan4:
    target_pose:
      position: [0.08961879, -0.510245, 0.1325258]
      orientation:
        - [0.9999711, -0.007089205, 0.00653658]
        - [-0.0003568702, -0.7046071, -0.7096099]
        - [0.009636201, 0.7095622, -0.7045893]
step_48:
  tf_mat_link1_0_flan1:
    target_pose:
      position: [0.1110649, -0.5197672, -0.1376361]
      orientation:
        - [0.9970042, 0.06337393, 0.04474105]
        - [-0.01352097, 0.7098767, -0.7042087]
        - [-0.07638741, 0.7014692, 0.7086067]
  tf_mat_link4_0_flan4:
    target_pose:
      position: [0.08919445, -0.5099388, 0.1326747]
      orientation:
        - [0.9999691, -0.007240287, 0.006676773]
        - [-0.0003630197, -0.7045538, -0.7096629]
        - [0.009842303, 0.7096137, -0.7045347]
step_49:
  tf_mat_link1_0_flan1:
    target_pose:
      position: [0.1108012, -0.5196703, -0.1378855]
      orientation:
        - [0.9970075, 0.0632228, 0.04488104]
        - [-0.01332139, 0.7099423, -0.7041462]
        - [-0.07637937, 0.7014164, 0.7086598]
  tf_mat_link4_0_flan4:
    target_pose:
      position: [0.08877002, -0.5096325, 0.1328233]
      orientation:
        - [0.999967, -0.007391379, 0.006816825]
        - [-0.000369314, -0.7045004, -0.7097157]
        - [0.01004824, 0.7096651, -0.7044799]
step_50:
  tf_mat_link1_0_flan1:
    target_pose:
      position: [0.1105374, -0.5195736, -0.138135]
      orientation:
        - [0.9970108, 0.06307166, 0.04502101]
        - [-0.0131219, 0.710008, -0.7040839]
        - [-0.0763713, 0.7013636, 0.7087131]
  tf_mat_link4_0_flan4:
    target_pose:
      position: [0.08834558, -0.5093263, 0.1329717]
      orientation:
        - [0.999965, -0.007542482, 0.006956856]
        - [-0.0003756694, -0.7044472, -0.7097687]
        - [0.01025411, 0.7097164, -0.7044254]
step_51:
  tf_mat_link1_0_flan1:
    target_pose:
      position: [0.1102736, -0.519477, -0.1383846]
      orientation:
        - [0.9970137, 0.06292049, 0.04516142]
        - [-0.01292206, 0.7100736, -0.7040212]
        - [-0.07636356, 0.7013107, 0.708766]
  tf_mat_link4_0_flan4:
    target_pose:
      position: [0.08792122, -0.5090199, 0.13312]
      orientation:
        - [0.9999626, -0.007693594, 0.007097336]
        - [-0.0003816648, -0.7043938, -0.7098215]
        - [0.01046032, 0.7097678, -0.7043705]
step_52:
  tf_mat_link1_0_flan1:
    target_pose:
      position: [0.1100097, -0.5193807, -0.1386341]
      orientation:
        - [0.9970169, 0.06276932, 0.04530121]
        - [-0.01272263, 0.7101393, -0.7039587]
        - [-0.07635543, 0.7012578, 0.7088192]
  tf_mat_link4_0_flan4:
    target_pose:
      position: [0.08749662, -0.5087135, 0.1332679]
      orientation:
        - [0.9999604, -0.007844717, 0.007237201]
        - [-0.0003880573, -0.7043403, -0.7098744]
        - [0.01066612, 0.709819, -0.7043157]
step_53:
  tf_mat_link1_0_flan1:
    target_pose:
      position: [0.1097458, -0.5192845, -0.1388836]
      orientation:
        - [0.9970199, 0.06261814, 0.04544123]
        - [-0.01252295, 0.7102048, -0.7038961]
        - [-0.07634759, 0.701205, 0.7088723]
  tf_mat_link4_0_flan4:
    target_pose:
      position: [0.08707204, -0.5084071, 0.1334157]
      orientation:
        - [0.9999581, -0.007995851, 0.007377282]
        - [-0.0003941729, -0.7042871, -0.7099273]
        - [0.01087218, 0.7098703, -0.7042609]
step_54:
  tf_mat_link1_0_flan1:
    target_pose:
      position: [0.1094819, -0.5191885, -0.1391331]
      orientation:
        - [0.9970231, 0.06246695, 0.0455811]
        - [-0.0123234, 0.7102703, -0.7038335]
        - [-0.07633957, 0.7011521, 0.7089255]
  tf_mat_link4_0_flan4:
    target_pose:
      position: [0.08664738, -0.5081008, 0.1335632]
      orientation:
        - [0.9999559, -0.008146993, 0.007517223]
        - [-0.0004004332, -0.7042336, -0.7099802]
        - [0.01107808, 0.7099214, -0.7042061]
step_55:
  tf_mat_link1_0_flan1:
    target_pose:
      position: [0.1092179, -0.5190928, -0.1393827]
      orientation:
        - [0.9970263, 0.06231576, 0.04572095]
        - [-0.01212394, 0.7103357, -0.703771]
        - [-0.07633153, 0.7010992, 0.7089787]
  tf_mat_link4_0_flan4:
    target_pose:
      position: [0.0862227, -0.5077944, 0.1337105]
      orientation:
        - [0.9999536, -0.008298145, 0.00765714]
        - [-0.0004067546, -0.7041803, -0.7100332]
        - [0.0112839, 0.7099726, -0.7041513]
step_56:
  tf_mat_link1_0_flan1:
    target_pose:
      position: [0.1089539, -0.5189971, -0.1396323]
      orientation:
        - [0.9970291, 0.06216452, 0.045861]
        - [-0.01192423, 0.7104012, -0.7037083]
        - [-0.07632375, 0.7010463, 0.7090318]
  tf_mat_link4_0_flan4:
    target_pose:
      position: [0.08579804, -0.507488, 0.1338577]
      orientation:
        - [0.9999511, -0.008449311, 0.00779727]
        - [-0.0004128007, -0.704127, -0.710086]
        - [0.01148998, 0.7100238, -0.7040963]
step_57:
  tf_mat_link1_0_flan1:
    target_pose:
      position: [0.1086899, -0.5189016, -0.1398821]
      orientation:
        - [0.9970319, 0.06201329, 0.04600103]
        - [-0.01172458, 0.7104666, -0.7036455]
        - [-0.07631589, 0.7009934, 0.7090848]
  tf_mat_link4_0_flan4:
    target_pose:
      position: [0.0853733, -0.5071814, 0.1340046]
      orientation:
        - [0.9999486, -0.008600485, 0.007937377]
        - [-0.0004189064, -0.7040737, -0.7101388]
        - [0.01169599, 0.7100748, -0.7040412]
step_58:
  tf_mat_link1_0_flan1:
    target_pose:
      position: [0.1084258, -0.5188063, -0.1401316]
      orientation:
        - [0.9970349, 0.06186204, 0.04614081]
        - [-0.01152509, 0.7105319, -0.7035828]
        - [-0.07630791, 0.7009405, 0.709138]
  tf_mat_link4_0_flan4:
    target_pose:
      position: [0.08494848, -0.5068749, 0.1341513]
      orientation:
        - [0.9999462, -0.008751667, 0.008077228]
        - [-0.0004251547, -0.7040203, -0.7101918]
        - [0.01190184, 0.7101259, -0.7039863]
step_59:
  tf_mat_link1_0_flan1:
    target_pose:
      position: [0.1081618, -0.5187112, -0.1403812]
      orientation:
        - [0.9970378, 0.06171079, 0.0462808]
        - [-0.01132543, 0.7105973, -0.70352]
        - [-0.07630011, 0.7008876, 0.7091911]
  tf_mat_link4_0_flan4:
    target_pose:
      position: [0.08452369, -0.5065685, 0.1342977]
      orientation:
        - [0.9999438, -0.008902862, 0.008217293]
        - [-0.000431212, -0.7039669, -0.7102447]
        - [0.01210786, 0.7101769, -0.7039313]
step_60:
  tf_mat_link1_0_flan1:
    target_pose:
      position: [0.1078976, -0.5186164, -0.1406309]
      orientation:
        - [0.9970407, 0.06155952, 0.04642064]
        - [-0.01112584, 0.7106627, -0.7034574]
        - [-0.07629226, 0.7008347, 0.7092443]
  tf_mat_link4_0_flan4:
    target_pose:
      position: [0.08409881, -0.5062621, 0.134444]
      orientation:
        - [0.9999413, -0.009054068, 0.008357215]
        - [-0.0004373317, -0.7039135, -0.7102976]
        - [0.01231381, 0.710228, -0.7038764]
step_61:
  tf_mat_link1_0_flan1:
    target_pose:
      position: [0.1076335, -0.5185215, -0.1408806]
      orientation:
        - [0.9970433, 0.06140823, 0.04656057]
        - [-0.01092616, 0.7107279, -0.7033943]
        - [-0.07628451, 0.7007817, 0.7092972]
  tf_mat_link4_0_flan4:
    target_pose:
      position: [0.08367389, -0.5059554, 0.1345901]
      orientation:
        - [0.9999385, -0.009205282, 0.008497231]
        - [-0.0004433425, -0.7038601, -0.7103503]
        - [0.01251985, 0.7102789, -0.7038212]
step_62:
  tf_mat_link1_0_flan1:
    target_pose:
      position: [0.1073693, -0.5184269, -0.1411304]
      orientation:
        - [0.9970461, 0.06125693, 0.04670049]
        - [-0.01072655, 0.7107931, -0.7033314]
        - [-0.07627669, 0.7007288, 0.7093503]
  tf_mat_link4_0_flan4:
    target_pose:
      position: [0.08324895, -0.5056489, 0.134736]
      orientation:
        - [0.9999359, -0.009356505, 0.008637228]
        - [-0.0004494142, -0.7038067, -0.7104032]
        - [0.01272582, 0.7103298, -0.703766]
step_63:
  tf_mat_link1_0_flan1:
    target_pose:
      position: [0.1071051, -0.5183327, -0.1413801]
      orientation:
        - [0.9970489, 0.06110562, 0.04684015]
        - [-0.01052718, 0.7108583, -0.7032686]
        - [-0.07626866, 0.700676, 0.7094036]
  tf_mat_link4_0_flan4:
    target_pose:
      position: [0.08282391, -0.5053424, 0.1348816]
      orientation:
        - [0.9999334, -0.009507739, 0.008776966]
        - [-0.0004557132, -0.7037534, -0.7104562]
        - [0.01293154, 0.7103807, -0.703711]
step_64:
  tf_mat_link1_0_flan1:
    target_pose:
      position: [0.1068409, -0.5182383, -0.1416299]
      orientation:
        - [0.9970514, 0.06095428, 0.04698024]
        - [-0.01032731, 0.7109235, -0.7032055]
        - [-0.07626114, 0.700623, 0.7094564]
  tf_mat_link4_0_flan4:
    target_pose:
      position: [0.08239893, -0.5050356, 0.135027]
      orientation:
        - [0.9999304, -0.009658983, 0.00891715]
        - [-0.0004614846, -0.7037, -0.7105088]
        - [0.01313777, 0.7104316, -0.7036557]
step_65:
  tf_mat_link1_0_flan1:
    target_pose:
      position: [0.1065765, -0.5181444, -0.1418795]
      orientation:
        - [0.9970542, 0.06080296, 0.04711974]
        - [-0.01012791, 0.7109886, -0.7031428]
        - [-0.07625315, 0.70057, 0.7095098]
  tf_mat_link4_0_flan4:
    target_pose:
      position: [0.08197375, -0.5047291, 0.1351721]
      orientation:
        - [0.9999279, -0.009810237, 0.009056725]
        - [-0.0004677361, -0.7036465, -0.7105619]
        - [0.01334351, 0.7104823, -0.7036006]
step_66:
  tf_mat_link1_0_flan1:
    target_pose:
      position: [0.1063122, -0.5180506, -0.1421293]
      orientation:
        - [0.9970567, 0.0606516, 0.04725967]
        - [-0.009928271, 0.7110538, -0.7030798]
        - [-0.07624544, 0.7005171, 0.7095628]
  tf_mat_link4_0_flan4:
    target_pose:
      position: [0.08154866, -0.5044224, 0.135317]
      orientation:
        - [0.999925, -0.009961502, 0.009196749]
        - [-0.0004737114, -0.7035932, -0.7106147]
        - [0.0135495, 0.7105331, -0.7035453]
step_67:
  tf_mat_link1_0_flan1:
    target_pose:
      position: [0.1060479, -0.5179567, -0.1423792]
      orientation:
        - [0.997059, 0.06050023, 0.04739946]
        - [-0.009728622, 0.7111188, -0.7030166]
        - [-0.07623773, 0.7004641, 0.7096158]
  tf_mat_link4_0_flan4:
    target_pose:
      position: [0.08112348, -0.5041156, 0.1354619]
      orientation:
        - [0.9999221, -0.01011278, 0.00933663]
        - [-0.0004796649, -0.7035397, -0.7106676]
        - [0.01375551, 0.7105839, -0.70349]
step_68:
  tf_mat_link1_0_flan1:
    target_pose:
      position: [0.1057835, -0.5178633, -0.1426289]
      orientation:
        - [0.9970618, 0.06034887, 0.04753924]
        - [-0.009529117, 0.7111838, -0.7029536]
        - [-0.0762299, 0.7004113, 0.709669]
  tf_mat_link4_0_flan4:
    target_pose:
      position: [0.08069829, -0.503809, 0.1356064]
      orientation:
        - [0.9999194, -0.01026406, 0.009476494]
        - [-0.0004857604, -0.7034863, -0.7107205]
        - [0.01396136, 0.7106346, -0.7034348]
step_69:
  tf_mat_link1_0_flan1:
    target_pose:
      position: [0.1055191, -0.5177699, -0.1428788]
      orientation:
        - [0.9970641, 0.06019746, 0.04767909]
        - [-0.009329364, 0.7112488, -0.7028905]
        - [-0.07622233, 0.7003582, 0.709722]
  tf_mat_link4_0_flan4:
    target_pose:
      position: [0.08027305, -0.5035024, 0.1357508]
      orientation:
        - [0.9999163, -0.01041536, 0.009616449]
        - [-0.0004915802, -0.7034329, -0.7107732]
        - [0.01416746, 0.7106853, -0.7033793]
step_70:
  tf_mat_link1_0_flan1:
    target_pose:
      position: [0.1052547, -0.5176767, -0.1431287]
      orientation:
        - [0.9970665, 0.06004606, 0.04781893]
        - [-0.009129682, 0.7113138, -0.7028274]
        - [-0.0762147, 0.7003053, 0.7097751]
  tf_mat_link4_0_flan4:
    target_pose:
      position: [0.07984778, -0.5031955, 0.1358949]
      orientation:
        - [0.9999133, -0.01056666, 0.009756383]
        - [-0.0004974625, -0.7033795, -0.7108261]
        - [0.01437349, 0.710736, -0.7033241]
step_71:
  tf_mat_link1_0_flan1:
    target_pose:
      position: [0.1049902, -0.5175838, -0.1433785]
      orientation:
        - [0.9970689, 0.05989465, 0.04795851]
        - [-0.008930233, 0.7113787, -0.7027643]
        - [-0.07620686, 0.7002523, 0.7098283]
  tf_mat_link4_0_flan4:
    target_pose:
      position: [0.07942242, -0.5028889, 0.1360388]
      orientation:
        - [0.9999104, -0.01071798, 0.009896058]
        - [-0.0005035701, -0.703326, -0.710879]
        - [0.01457927, 0.7107866, -0.7032688]
step_72:
  tf_mat_link1_0_flan1:
    target_pose:
      position: [0.1047257, -0.517491, -0.1436284]
      orientation:
        - [0.9970713, 0.05974323, 0.04809831]
        - [-0.008730614, 0.7114435, -0.7027011]
        - [-0.07619919, 0.7001992, 0.7098812]
  tf_mat_link4_0_flan4:
    target_pose:
      position: [0.07899708, -0.5025821, 0.1361825]
      orientation:
        - [0.9999074, -0.0108693, 0.01003595]
        - [-0.000509489, -0.7032726, -0.7109318]
        - [0.01478524, 0.7108371, -0.7032132]
step_73:
  tf_mat_link1_0_flan1:
    target_pose:
      position: [0.1044612, -0.5173984, -0.1438783]
      orientation:
        - [0.9970736, 0.05959179, 0.04823796]
        - [-0.008530986, 0.7115083, -0.7026379]
        - [-0.07619155, 0.7001463, 0.7099344]
  tf_mat_link4_0_flan4:
    target_pose:
      position: [0.07857163, -0.5022752, 0.136326]
      orientation:
        - [0.9999043, -0.01102064, 0.0101757]
        - [-0.000515382, -0.7032192, -0.7109846]
        - [0.01499121, 0.7108877, -0.7031578]
step_74:
  tf_mat_link1_0_flan1:
    target_pose:
      position: [0.1041966, -0.5173058, -0.1441282]
      orientation:
        - [0.9970757, 0.05944033, 0.04837769]
        - [-0.008331348, 0.7115731, -0.7025746]
        - [-0.07618393, 0.7000933, 0.7099874]
  tf_mat_link4_0_flan4:
    target_pose:
      position: [0.07814617, -0.5019684, 0.1364693]
      orientation:
        - [0.9999011, -0.01117198, 0.01031554]
        - [-0.0005212516, -0.7031657, -0.7110375]
        - [0.01519718, 0.7109381, -0.7031023]
step_75:
  tf_mat_link1_0_flan1:
    target_pose:
      position: [0.1039321, -0.5172135, -0.1443782]
      orientation:
        - [0.9970778, 0.05928885, 0.04851764]
        - [-0.008131628, 0.711638, -0.7025111]
        - [-0.07617641, 0.7000402, 0.7100403]
  tf_mat_link4_0_flan4:
    target_pose:
      position: [0.07772075, -0.5016615, 0.1366123]
      orientation:
        - [0.9998977, -0.01132334, 0.01045559]
        - [-0.0005270151, -0.7031122, -0.7110901]
        - [0.01540325, 0.7109886, -0.7030466]
step_76:
  tf_mat_link1_0_flan1:
    target_pose:
      position: [0.1036674, -0.5171214, -0.1446282]
      orientation:
        - [0.99708, 0.05913737, 0.04865722]
        - [-0.007932053, 0.7117026, -0.7024478]
        - [-0.07616876, 0.6999872, 0.7100934]
  tf_mat_link4_0_flan4:
    target_pose:
      position: [0.07729519, -0.5013546, 0.1367552]
      orientation:
        - [0.9998946, -0.0114747, 0.01059528]
        - [-0.0005329216, -0.7030588, -0.711143]
        - [0.01560916, 0.711039, -0.702991]
step_77:
  tf_mat_link1_0_flan1:
    target_pose:
      position: [0.1034027, -0.5170295, -0.1448781]
      orientation:
        - [0.9970824, 0.05898589, 0.04879678]
        - [-0.007732466, 0.7117675, -0.7023847]
        - [-0.07616115, 0.6999343, 0.7101465]
  tf_mat_link4_0_flan4:
    target_pose:
      position: [0.07686958, -0.5010478, 0.1368978]
      orientation:
