step_0:
  tf_mat_link1_0_flan1:
    target_pose:
      position: [0.123686, -0.5246239, -0.1256825]
      orientation:
        - [0.996799, 0.07061249, 0.03800357]
        - [-0.02309966, 0.7066823, -0.7071673]
        - [-0.07678938, 0.7039987, 0.7060513]
  tf_mat_link4_0_flan4:
    target_pose:
      position: [0.109514, -0.5246123, 0.1252904]
      orientation:
        - [1.000019, 4.17549e-09, -6.177052e-05]
        - [-4.367543e-05, -0.7071074, -0.7071198]
        - [-4.368127e-05, 0.7071062, -0.707121]
step_1:
  tf_mat_link1_0_flan1:
    target_pose:
      position: [0.1236861, -0.524056, -0.1262505]
      orientation:
        - [0.996799, 0.07061249, 0.03800357]
        - [-0.02309966, 0.7066823, -0.7071673]
        - [-0.07678938, 0.7039987, 0.7060513]
  tf_mat_link4_0_flan4:
    target_pose:
      position: [0.1095141, -0.5240443, 0.1258583]
      orientation:
        - [1.000019, 4.17549e-09, -6.177052e-05]
        - [-4.367543e-05, -0.7071074, -0.7071198]
        - [-4.368127e-05, 0.7071062, -0.707121]
step_2:
  tf_mat_link1_0_flan1:
    target_pose:
      position: [0.1236861, -0.523488, -0.1268185]
      orientation:
        - [0.996799, 0.07061249, 0.03800357]
        - [-0.02309966, 0.7066823, -0.7071673]
        - [-0.07678938, 0.7039987, 0.7060513]
  tf_mat_link4_0_flan4:
    target_pose:
      position: [0.1095141, -0.5234764, 0.1264263]
      orientation:
        - [1.000019, 4.17549e-09, -6.177052e-05]
        - [-4.367543e-05, -0.7071074, -0.7071198]
        - [-4.368127e-05, 0.7071062, -0.707121]
step_3:
  tf_mat_link1_0_flan1:
    target_pose:
      position: [0.1236861, -0.5229201, -0.1273864]
      orientation:
        - [0.996799, 0.07061249, 0.03800357]
        - [-0.02309966, 0.7066823, -0.7071673]
        - [-0.07678938, 0.7039987, 0.7060513]
  tf_mat_link4_0_flan4:
    target_pose:
      position: [0.1095141, -0.5229084, 0.1269942]
      orientation:
        - [1.000019, 4.17549e-09, -6.177052e-05]
        - [-4.367543e-05, -0.7071074, -0.7071198]
        - [-4.368127e-05, 0.7071062, -0.707121]
step_4:
  tf_mat_link1_0_flan1:
    target_pose:
      position: [0.1236862, -0.522352, -0.1279544]
      orientation:
        - [0.996799, 0.07061249, 0.03800357]
        - [-0.02309966, 0.7066823, -0.7071673]
        - [-0.07678938, 0.7039987, 0.7060513]
  tf_mat_link4_0_flan4:
    target_pose:
      position: [0.1095142, -0.5223404, 0.1275623]
      orientation:
        - [1.000019, 4.17549e-09, -6.177052e-05]
        - [-4.367543e-05, -0.7071074, -0.7071198]
        - [-4.368127e-05, 0.7071062, -0.707121]
step_5:
  tf_mat_link1_0_flan1:
    target_pose:
      position: [0.1236862, -0.5217841, -0.1285224]
      orientation:
        - [0.996799, 0.07061249, 0.03800357]
        - [-0.02309966, 0.7066823, -0.7071673]
        - [-0.07678938, 0.7039987, 0.7060513]
  tf_mat_link4_0_flan4:
    target_pose:
      position: [0.1095142, -0.5217724, 0.1281302]
      orientation:
        - [1.000019, 4.17549e-09, -6.177052e-05]
        - [-4.367543e-05, -0.7071074, -0.7071198]
        - [-4.368127e-05, 0.7071062, -0.707121]
step_6:
  tf_mat_link1_0_flan1:
    target_pose:
      position: [0.1236863, -0.5212162, -0.1290903]
      orientation:
        - [0.996799, 0.07061249, 0.03800357]
        - [-0.02309966, 0.7066823, -0.7071673]
        - [-0.07678938, 0.7039987, 0.7060513]
  tf_mat_link4_0_flan4:
    target_pose:
      position: [0.1095143, -0.5212045, 0.1286982]
      orientation:
        - [1.000019, 4.17549e-09, -6.177052e-05]
        - [-4.367543e-05, -0.7071074, -0.7071198]
        - [-4.368127e-05, 0.7071062, -0.707121]
step_7:
  tf_mat_link1_0_flan1:
    target_pose:
      position: [0.1236864, -0.5206482, -0.1296583]
      orientation:
        - [0.996799, 0.07061249, 0.03800357]
        - [-0.02309966, 0.7066823, -0.7071673]
        - [-0.07678938, 0.7039987, 0.7060513]
  tf_mat_link4_0_flan4:
    target_pose:
      position: [0.1095143, -0.5206365, 0.1292661]
      orientation:
        - [1.000019, 4.17549e-09, -6.177052e-05]
        - [-4.367543e-05, -0.7071074, -0.7071198]
        - [-4.368127e-05, 0.7071062, -0.707121]
step_8:
  tf_mat_link1_0_flan1:
    target_pose:
      position: [0.1236864, -0.5200802, -0.1302262]
      orientation:
        - [0.996799, 0.07061249, 0.03800357]
        - [-0.02309966, 0.7066823, -0.7071673]
        - [-0.07678938, 0.7039987, 0.7060513]
  tf_mat_link4_0_flan4:
    target_pose:
      position: [0.1095144, -0.5200685, 0.1298341]
      orientation:
        - [1.000019, 4.17549e-09, -6.177052e-05]
        - [-4.367543e-05, -0.7071074, -0.7071198]
        - [-4.368127e-05, 0.7071062, -0.707121]
step_9:
  tf_mat_link1_0_flan1:
    target_pose:
      position: [0.1236864, -0.5195122, -0.1307942]
      orientation:
        - [0.996799, 0.07061249, 0.03800357]
        - [-0.02309966, 0.7066823, -0.7071673]
        - [-0.07678938, 0.7039987, 0.7060513]
  tf_mat_link4_0_flan4:
    target_pose:
      position: [0.1095144, -0.5195006, 0.130402]
      orientation:
        - [1.000019, 4.17549e-09, -6.177052e-05]
        - [-4.367543e-05, -0.7071074, -0.7071198]
        - [-4.368127e-05, 0.7071062, -0.707121]
step_10:
  tf_mat_link1_0_flan1:
    target_pose:
      position: [0.1236865, -0.5189443, -0.1313622]
      orientation:
        - [0.996799, 0.07061249, 0.03800357]
        - [-0.02309966, 0.7066823, -0.7071673]
        - [-0.07678938, 0.7039987, 0.7060513]
  tf_mat_link4_0_flan4:
    target_pose:
      position: [0.1095145, -0.5189326, 0.13097]
      orientation:
        - [1.000019, 4.17549e-09, -6.177052e-05]
        - [-4.367543e-05, -0.7071074, -0.7071198]
        - [-4.368127e-05, 0.7071062, -0.707121]
step_11:
  tf_mat_link1_0_flan1:
    target_pose:
      position: [0.1236865, -0.5183763, -0.1319302]
      orientation:
        - [0.996799, 0.07061249, 0.03800357]
        - [-0.02309966, 0.7066823, -0.7071673]
        - [-0.07678938, 0.7039987, 0.7060513]
  tf_mat_link4_0_flan4:
    target_pose:
      position: [0.1095145, -0.5183647, 0.131538]
      orientation:
        - [1.000019, 4.17549e-09, -6.177052e-05]
        - [-4.367543e-05, -0.7071074, -0.7071198]
        - [-4.368127e-05, 0.7071062, -0.707121]
step_12:
  tf_mat_link1_0_flan1:
    target_pose:
      position: [0.1236866, -0.5178084, -0.1324981]
      orientation:
        - [0.996799, 0.07061249, 0.03800357]
        - [-0.02309966, 0.7066823, -0.7071673]
        - [-0.07678938, 0.7039987, 0.7060513]
  tf_mat_link4_0_flan4:
    target_pose:
      position: [0.1095146, -0.5177967, 0.1321059]
      orientation:
        - [1.000019, 4.17549e-09, -6.177052e-05]
        - [-4.367543e-05, -0.7071074, -0.7071198]
        - [-4.368127e-05, 0.7071062, -0.707121]
step_13:
  tf_mat_link1_0_flan1:
    target_pose:
      position: [0.1236866, -0.5172403, -0.1330661]
      orientation:
        - [0.996799, 0.07061249, 0.03800357]
        - [-0.02309966, 0.7066823, -0.7071673]
        - [-0.07678938, 0.7039987, 0.7060513]
  tf_mat_link4_0_flan4:
    target_pose:
      position: [0.1095146, -0.5172287, 0.1326739]
      orientation:
        - [1.000019, 4.17549e-09, -6.177052e-05]
        - [-4.367543e-05, -0.7071074, -0.7071198]
        - [-4.368127e-05, 0.7071062, -0.707121]
step_14:
  tf_mat_link1_0_flan1:
    target_pose:
      position: [0.1236867, -0.5166724, -0.133634]
      orientation:
        - [0.996799, 0.07061249, 0.03800357]
        - [-0.02309966, 0.7066823, -0.7071673]
        - [-0.07678938, 0.7039987, 0.7060513]
  tf_mat_link4_0_flan4:
    target_pose:
      position: [0.1095147, -0.5166607, 0.1332419]
      orientation:
        - [1.000019, 4.17549e-09, -6.177052e-05]
        - [-4.367543e-05, -0.7071074, -0.7071198]
        - [-4.368127e-05, 0.7071062, -0.707121]
step_15:
  tf_mat_link1_0_flan1:
    target_pose:
      position: [0.1236867, -0.5161045, -0.134202]
      orientation:
        - [0.996799, 0.07061249, 0.03800357]
        - [-0.02309966, 0.7066823, -0.7071673]
        - [-0.07678938, 0.7039987, 0.7060513]
  tf_mat_link4_0_flan4:
    target_pose:
      position: [0.1095147, -0.5160928, 0.1338098]
      orientation:
        - [1.000019, 4.17549e-09, -6.177052e-05]
        - [-4.367543e-05, -0.7071074, -0.7071198]
        - [-4.368127e-05, 0.7071062, -0.707121]
step_16:
  tf_mat_link1_0_flan1:
    target_pose:
      position: [0.1236868, -0.5155365, -0.13477]
      orientation:
        - [0.996799, 0.07061249, 0.03800357]
        - [-0.02309966, 0.7066823, -0.7071673]
        - [-0.07678938, 0.7039987, 0.7060513]
  tf_mat_link4_0_flan4:
    target_pose:
      position: [0.1095148, -0.5155248, 0.1343778]
      orientation:
        - [1.000019, 4.17549e-09, -6.177052e-05]
        - [-4.367543e-05, -0.7071074, -0.7071198]
        - [-4.368127e-05, 0.7071062, -0.707121]
step_17:
  tf_mat_link1_0_flan1:
    target_pose:
      position: [0.1236868, -0.5149685, -0.135338]
      orientation:
        - [0.996799, 0.07061249, 0.03800357]
        - [-0.02309966, 0.7066823, -0.7071673]
        - [-0.07678938, 0.7039987, 0.7060513]
  tf_mat_link4_0_flan4:
    target_pose:
      position: [0.1095148, -0.5149568, 0.1349458]
      orientation:
        - [1.000019, 4.17549e-09, -6.177052e-05]
        - [-4.367543e-05, -0.7071074, -0.7071198]
        - [-4.368127e-05, 0.7071062, -0.707121]
step_18:
  tf_mat_link1_0_flan1:
    target_pose:
      position: [0.1236869, -0.5144005, -0.1359059]
      orientation:
        - [0.996799, 0.07061249, 0.03800357]
        - [-0.02309966, 0.7066823, -0.7071673]
        - [-0.07678938, 0.7039987, 0.7060513]
  tf_mat_link4_0_flan4:
    target_pose:
      position: [0.1095149, -0.5143889, 0.1355138]
      orientation:
        - [1.000019, 4.17549e-09, -6.177052e-05]
        - [-4.367543e-05, -0.7071074, -0.7071198]
        - [-4.368127e-05, 0.7071062, -0.707121]
step_19:
  tf_mat_link1_0_flan1:
    target_pose:
      position: [0.1236869, -0.5138326, -0.1364739]
      orientation:
        - [0.996799, 0.07061249, 0.03800357]
        - [-0.02309966, 0.7066823, -0.7071673]
        - [-0.07678938, 0.7039987, 0.7060513]
  tf_mat_link4_0_flan4:
    target_pose:
      position: [0.1095149, -0.5138209, 0.1360817]
      orientation:
        - [1.000019, 4.17549e-09, -6.177052e-05]
        - [-4.367543e-05, -0.7071074, -0.7071198]
        - [-4.368127e-05, 0.7071062, -0.707121]
step_20:
  tf_mat_link1_0_flan1:
    target_pose:
      position: [0.123687, -0.5132646, -0.1370419]
      orientation:
        - [0.996799, 0.07061249, 0.03800357]
        - [-0.02309966, 0.7066823, -0.7071673]
        - [-0.07678938, 0.7039987, 0.7060513]
  tf_mat_link4_0_flan4:
    target_pose:
      position: [0.109515, -0.513253, 0.1366497]
      orientation:
        - [1.000019, 4.17549e-09, -6.177052e-05]
        - [-4.367543e-05, -0.7071074, -0.7071198]
        - [-4.368127e-05, 0.7071062, -0.707121]
step_21:
  tf_mat_link1_0_flan1:
    target_pose:
      position: [0.123687, -0.5126966, -0.1376098]
      orientation:
        - [0.996799, 0.07061249, 0.03800357]
        - [-0.02309966, 0.7066823, -0.7071673]
        - [-0.07678938, 0.7039987, 0.7060513]
  tf_mat_link4_0_flan4:
    target_pose:
      position: [0.109515, -0.5126849, 0.1372177]
      orientation:
        - [1.000019, 4.17549e-09, -6.177052e-05]
        - [-4.367543e-05, -0.7071074, -0.7071198]
        - [-4.368127e-05, 0.7071062, -0.707121]
step_22:
  tf_mat_link1_0_flan1:
    target_pose:
      position: [0.1236871, -0.5121287, -0.1381778]
      orientation:
        - [0.996799, 0.07061249, 0.03800357]
        - [-0.02309966, 0.7066823, -0.7071673]
        - [-0.07678938, 0.7039987, 0.7060513]
  tf_mat_link4_0_flan4:
    target_pose:
      position: [0.1095151, -0.512117, 0.1377856]
      orientation:
        - [1.000019, 4.17549e-09, -6.177052e-05]
        - [-4.367543e-05, -0.7071074, -0.7071198]
        - [-4.368127e-05, 0.7071062, -0.707121]
step_23:
  tf_mat_link1_0_flan1:
    target_pose:
      position: [0.1236871, -0.5115607, -0.1387458]
      orientation:
        - [0.996799, 0.07061249, 0.03800357]
        - [-0.02309966, 0.7066823, -0.7071673]
        - [-0.07678938, 0.7039987, 0.7060513]
  tf_mat_link4_0_flan4:
    target_pose:
      position: [0.1095151, -0.511549, 0.1383536]
      orientation:
        - [1.000019, 4.17549e-09, -6.177052e-05]
        - [-4.367543e-05, -0.7071074, -0.7071198]
        - [-4.368127e-05, 0.7071062, -0.707121]
step_24:
  tf_mat_link1_0_flan1:
    target_pose:
      position: [0.1236872, -0.5109927, -0.1393137]
      orientation:
        - [0.996799, 0.07061249, 0.03800357]
        - [-0.02309966, 0.7066823, -0.7071673]
        - [-0.07678938, 0.7039987, 0.7060513]
  tf_mat_link4_0_flan4:
    target_pose:
      position: [0.1095152, -0.5109811, 0.1389216]
      orientation:
        - [1.000019, 4.17549e-09, -6.177052e-05]
        - [-4.367543e-05, -0.7071074, -0.7071198]
        - [-4.368127e-05, 0.7071062, -0.707121]
step_25:
  tf_mat_link1_0_flan1:
    target_pose:
      position: [0.1236872, -0.5104247, -0.1398817]
      orientation:
        - [0.996799, 0.07061249, 0.03800357]
        - [-0.02309966, 0.7066823, -0.7071673]
        - [-0.07678938, 0.7039987, 0.7060513]
  tf_mat_link4_0_flan4:
    target_pose:
      position: [0.1095152, -0.5104131, 0.1394896]
      orientation:
        - [1.000019, 4.17549e-09, -6.177052e-05]
        - [-4.367543e-05, -0.7071074, -0.7071198]
        - [-4.368127e-05, 0.7071062, -0.707121]
step_26:
  tf_mat_link1_0_flan1:
    target_pose:
      position: [0.1236873, -0.5098568, -0.1404497]
      orientation:
        - [0.996799, 0.07061249, 0.03800357]
        - [-0.02309966, 0.7066823, -0.7071673]
        - [-0.07678938, 0.7039987, 0.7060513]
  tf_mat_link4_0_flan4:
    target_pose:
      position: [0.1095153, -0.5098451, 0.1400575]
      orientation:
        - [1.000019, 4.17549e-09, -6.177052e-05]
        - [-4.367543e-05, -0.7071074, -0.7071198]
        - [-4.368127e-05, 0.7071062, -0.707121]
step_27:
  tf_mat_link1_0_flan1:
    target_pose:
      position: [0.1236873, -0.5092888, -0.1410176]
      orientation:
        - [0.996799, 0.07061249, 0.03800357]
        - [-0.02309966, 0.7066823, -0.7071673]
        - [-0.07678938, 0.7039987, 0.7060513]
  tf_mat_link4_0_flan4:
    target_pose:
      position: [0.1095153, -0.5092772, 0.1406255]
      orientation:
        - [1.000019, 4.17549e-09, -6.177052e-05]
        - [-4.367543e-05, -0.7071074, -0.7071198]
        - [-4.368127e-05, 0.7071062, -0.707121]
step_28:
  tf_mat_link1_0_flan1:
    target_pose:
      position: [0.1236873, -0.5087208, -0.1415856]
      orientation:
        - [0.996799, 0.07061249, 0.03800357]
        - [-0.02309966, 0.7066823, -0.7071673]
        - [-0.07678938, 0.7039987, 0.7060513]
  tf_mat_link4_0_flan4:
    target_pose:
      position: [0.1095153, -0.5087092, 0.1411935]
      orientation:
        - [1.000019, 4.17549e-09, -6.177052e-05]
        - [-4.367543e-05, -0.7071074, -0.7071198]
        - [-4.368127e-05, 0.7071062, -0.707121]
step_29:
  tf_mat_link1_0_flan1:
    target_pose:
      position: [0.1236874, -0.5081528, -0.1421536]
      orientation:
        - [0.996799, 0.07061249, 0.03800357]
        - [-0.02309966, 0.7066823, -0.7071673]
        - [-0.07678938, 0.7039987, 0.7060513]
  tf_mat_link4_0_flan4:
    target_pose:
      position: [0.1095154, -0.5081412, 0.1417614]
      orientation:
        - [1.000019, 4.17549e-09, -6.177052e-05]
        - [-4.367543e-05, -0.7071074, -0.7071198]
        - [-4.368127e-05, 0.7071062, -0.707121]
step_30:
  tf_mat_link1_0_flan1:
    target_pose:
      position: [0.1236875, -0.5075849, -0.1427215]
      orientation:
        - [0.996799, 0.07061249, 0.03800357]
        - [-0.02309966, 0.7066823, -0.7071673]
        - [-0.07678938, 0.7039987, 0.7060513]
  tf_mat_link4_0_flan4:
    target_pose:
      position: [0.1095155, -0.5075732, 0.1423294]
      orientation:
        - [1.000019, 4.17549e-09, -6.177052e-05]
        - [-4.367543e-05, -0.7071074, -0.7071198]
        - [-4.368127e-05, 0.7071062, -0.707121]
step_31:
  tf_mat_link1_0_flan1:
    target_pose:
      position: [0.1236875, -0.507017, -0.1432895]
      orientation:
        - [0.996799, 0.07061249, 0.03800357]
        - [-0.02309966, 0.7066823, -0.7071673]
        - [-0.07678938, 0.7039987, 0.7060513]
  tf_mat_link4_0_flan4:
    target_pose:
      position: [0.1095155, -0.5070053, 0.1428974]
      orientation:
        - [1.000019, 4.17549e-09, -6.177052e-05]
        - [-4.367543e-05, -0.7071074, -0.7071198]
        - [-4.368127e-05, 0.7071062, -0.707121]
step_32:
  tf_mat_link1_0_flan1:
    target_pose:
      position: [0.1236876, -0.506449, -0.1438575]
      orientation:
        - [0.996799, 0.07061249, 0.03800357]
        - [-0.02309966, 0.7066823, -0.7071673]
        - [-0.07678938, 0.7039987, 0.7060513]
  tf_mat_link4_0_flan4:
    target_pose:
      position: [0.1095156, -0.5064373, 0.1434653]
      orientation:
        - [1.000019, 4.17549e-09, -6.177052e-05]
        - [-4.367543e-05, -0.7071074, -0.7071198]
        - [-4.368127e-05, 0.7071062, -0.707121]
step_33:
  tf_mat_link1_0_flan1:
    target_pose:
      position: [0.1236876, -0.505881, -0.1444255]
      orientation:
        - [0.996799, 0.07061249, 0.03800357]
        - [-0.02309966, 0.7066823, -0.7071673]
        - [-0.07678938, 0.7039987, 0.7060513]
  tf_mat_link4_0_flan4:
    target_pose:
      position: [0.1095156, -0.5058694, 0.1440333]
      orientation:
        - [1.000019, 4.17549e-09, -6.177052e-05]
        - [-4.367543e-05, -0.7071074, -0.7071198]
        - [-4.368127e-05, 0.7071062, -0.707121]
step_34:
  tf_mat_link1_0_flan1:
    target_pose:
      position: [0.1236876, -0.505313, -0.1449934]
      orientation:
        - [0.996799, 0.07061249, 0.03800357]
        - [-0.02309966, 0.7066823, -0.7071673]
        - [-0.07678938, 0.7039987, 0.7060513]
  tf_mat_link4_0_flan4:
    target_pose:
      position: [0.1095156, -0.5053014, 0.1446013]
      orientation:
        - [1.000019, 4.17549e-09, -6.177052e-05]
        - [-4.367543e-05, -0.7071074, -0.7071198]
        - [-4.368127e-05, 0.7071062, -0.707121]
step_35:
  tf_mat_link1_0_flan1:
    target_pose:
      position: [0.1236877, -0.5047451, -0.1455614]
      orientation:
        - [0.996799, 0.07061249, 0.03800357]
        - [-0.02309966, 0.7066823, -0.7071673]
        - [-0.07678938, 0.7039987, 0.7060513]
  tf_mat_link4_0_flan4:
    target_pose:
      position: [0.1095157, -0.5047334, 0.1451692]
      orientation:
        - [1.000019, 4.17549e-09, -6.177052e-05]
        - [-4.367543e-05, -0.7071074, -0.7071198]
        - [-4.368127e-05, 0.7071062, -0.707121]
step_36:
  tf_mat_link1_0_flan1:
    target_pose:
      position: [0.1236878, -0.5041771, -0.1461294]
      orientation:
        - [0.996799, 0.07061249, 0.03800357]
        - [-0.02309966, 0.7066823, -0.7071673]
        - [-0.07678938, 0.7039987, 0.7060513]
  tf_mat_link4_0_flan4:
    target_pose:
      position: [0.1095157, -0.5041654, 0.1457372]
      orientation:
        - [1.000019, 4.17549e-09, -6.177052e-05]
        - [-4.367543e-05, -0.7071074, -0.7071198]
        - [-4.368127e-05, 0.7071062, -0.707121]
step_37:
  tf_mat_link1_0_flan1:
    target_pose:
      position: [0.1236878, -0.5036091, -0.1466973]
      orientation:
        - [0.996799, 0.07061249, 0.03800357]
        - [-0.02309966, 0.7066823, -0.7071673]
        - [-0.07678938, 0.7039987, 0.7060513]
  tf_mat_link4_0_flan4:
    target_pose:
      position: [0.1095158, -0.5035975, 0.1463052]
      orientation:
        - [1.000019, 4.17549e-09, -6.177052e-05]
        - [-4.367543e-05, -0.7071074, -0.7071198]
        - [-4.368127e-05, 0.7071062, -0.707121]
step_38:
  tf_mat_link1_0_flan1:
    target_pose:
      position: [0.1236879, -0.5030412, -0.1472653]
      orientation:
        - [0.996799, 0.07061249, 0.03800357]
        - [-0.02309966, 0.7066823, -0.7071673]
        - [-0.07678938, 0.7039987, 0.7060513]
  tf_mat_link4_0_flan4:
    target_pose:
      position: [0.1095159, -0.5030295, 0.1468731]
      orientation:
        - [1.000019, 4.17549e-09, -6.177052e-05]
        - [-4.367543e-05, -0.7071074, -0.7071198]
        - [-4.368127e-05, 0.7071062, -0.707121]
step_39:
  tf_mat_link1_0_flan1:
    target_pose:
      position: [0.1236879, -0.5024732, -0.1478333]
      orientation:
        - [0.996799, 0.07061249, 0.03800357]
        - [-0.02309966, 0.7066823, -0.7071673]
        - [-0.07678938, 0.7039987, 0.7060513]
  tf_mat_link4_0_flan4:
    target_pose:
      position: [0.1095159, -0.5024616, 0.1474411]
      orientation:
        - [1.000019, 4.17549e-09, -6.177052e-05]
        - [-4.367543e-05, -0.7071074, -0.7071198]
        - [-4.368127e-05, 0.7071062, -0.707121]
step_40:
  tf_mat_link1_0_flan1:
    target_pose:
      position: [0.1236879, -0.5019053, -0.1484012]
      orientation:
        - [0.996799, 0.07061249, 0.03800357]
        - [-0.02309966, 0.7066823, -0.7071673]
        - [-0.07678938, 0.7039987, 0.7060513]
  tf_mat_link4_0_flan4:
    target_pose:
      position: [0.1095159, -0.5018936, 0.1480091]
      orientation:
        - [1.000019, 4.17549e-09, -6.177052e-05]
        - [-4.367543e-05, -0.7071074, -0.7071198]
        - [-4.368127e-05, 0.7071062, -0.707121]
step_41:
  tf_mat_link1_0_flan1:
    target_pose:
      position: [0.123688, -0.5013372, -0.1489692]
      orientation:
        - [0.996799, 0.07061249, 0.03800357]
        - [-0.02309966, 0.7066823, -0.7071673]
        - [-0.07678938, 0.7039987, 0.7060513]
  tf_mat_link4_0_flan4:
    target_pose:
      position: [0.109516, -0.5013256, 0.148577]
      orientation:
        - [1.000019, 4.17549e-09, -6.177052e-05]
        - [-4.367543e-05, -0.7071074, -0.7071198]
        - [-4.368127e-05, 0.7071062, -0.707121]
step_42:
  tf_mat_link1_0_flan1:
    target_pose:
      position: [0.123688, -0.5007693, -0.1495372]
      orientation:
        - [0.996799, 0.07061249, 0.03800357]
        - [-0.02309966, 0.7066823, -0.7071673]
        - [-0.07678938, 0.7039987, 0.7060513]
  tf_mat_link4_0_flan4:
    target_pose:
      position: [0.109516, -0.5007576, 0.149145]
      orientation:
        - [1.000019, 4.17549e-09, -6.177052e-05]
        - [-4.367543e-05, -0.7071074, -0.7071198]
        - [-4.368127e-05, 0.7071062, -0.707121]
step_43:
  tf_mat_link1_0_flan1:
    target_pose:
      position: [0.1236881, -0.5002013, -0.1501051]
      orientation:
        - [0.996799, 0.07061249, 0.03800357]
        - [-0.02309966, 0.7066823, -0.7071673]
        - [-0.07678938, 0.7039987, 0.7060513]
  tf_mat_link4_0_flan4:
    target_pose:
      position: [0.1095161, -0.5001897, 0.1497129]
      orientation:
        - [1.000019, 4.17549e-09, -6.177052e-05]
        - [-4.367543e-05, -0.7071074, -0.7071198]
        - [-4.368127e-05, 0.7071062, -0.707121]
step_44:
  tf_mat_link1_0_flan1:
    target_pose:
      position: [0.1236881, -0.4996334, -0.1506731]
      orientation:
        - [0.996799, 0.07061249, 0.03800357]
        - [-0.02309966, 0.7066823, -0.7071673]
        - [-0.07678938, 0.7039987, 0.7060513]
  tf_mat_link4_0_flan4:
    target_pose:
      position: [0.1095161, -0.4996218, 0.1502809]
      orientation:
        - [1.000019, 4.17549e-09, -6.177052e-05]
        - [-4.367543e-05, -0.7071074, -0.7071198]
        - [-4.368127e-05, 0.7071062, -0.707121]
step_45:
  tf_mat_link1_0_flan1:
    target_pose:
      position: [0.1236882, -0.4990654, -0.151241]
      orientation:
        - [0.996799, 0.07061249, 0.03800357]
        - [-0.02309966, 0.7066823, -0.7071673]
        - [-0.07678938, 0.7039987, 0.7060513]
  tf_mat_link4_0_flan4:
    target_pose:
      position: [0.1095162, -0.4990537, 0.1508489]
      orientation:
        - [1.000019, 4.17549e-09, -6.177052e-05]
        - [-4.367543e-05, -0.7071074, -0.7071198]
        - [-4.368127e-05, 0.7071062, -0.707121]
step_46:
  tf_mat_link1_0_flan1:
    target_pose:
      position: [0.1236882, -0.4984975, -0.151809]
      orientation:
        - [0.996799, 0.07061249, 0.03800357]
        - [-0.02309966, 0.7066823, -0.7071673]
        - [-0.07678938, 0.7039987, 0.7060513]
  tf_mat_link4_0_flan4:
    target_pose:
      position: [0.1095162, -0.4984858, 0.1514169]
      orientation:
        - [1.000019, 4.17549e-09, -6.177052e-05]
        - [-4.367543e-05, -0.7071074, -0.7071198]
        - [-4.368127e-05, 0.7071062, -0.707121]
step_47:
  tf_mat_link1_0_flan1:
    target_pose:
      position: [0.1236883, -0.4979295, -0.152377]
      orientation:
        - [0.996799, 0.07061249, 0.03800357]
        - [-0.02309966, 0.7066823, -0.7071673]
        - [-0.07678938, 0.7039987, 0.7060513]
  tf_mat_link4_0_flan4:
    target_pose:
      position: [0.1095163, -0.4979179, 0.1519848]
      orientation:
        - [1.000019, 4.17549e-09, -6.177052e-05]
        - [-4.367543e-05, -0.7071074, -0.7071198]
        - [-4.368127e-05, 0.7071062, -0.707121]
step_48:
  tf_mat_link1_0_flan1:
    target_pose:
      position: [0.1236883, -0.4973615, -0.152945]
      orientation:
        - [0.996799, 0.07061249, 0.03800357]
        - [-0.02309966, 0.7066823, -0.7071673]
        - [-0.07678938, 0.7039987, 0.7060513]
  tf_mat_link4_0_flan4:
    target_pose:
      position: [0.1095163, -0.4973499, 0.1525528]
      orientation:
        - [1.000019, 4.17549e-09, -6.177052e-05]
        - [-4.367543e-05, -0.7071074, -0.7071198]
        - [-4.368127e-05, 0.7071062, -0.707121]
step_49:
  tf_mat_link1_0_flan1:
    target_pose:
      position: [0.1236884, -0.4967936, -0.1535129]
      orientation:
        - [0.996799, 0.07061249, 0.03800357]
        - [-0.02309966, 0.7066823, -0.7071673]
        - [-0.07678938, 0.7039987, 0.7060513]
  tf_mat_link4_0_flan4:
    target_pose:
      position: [0.1095164, -0.4967819, 0.1531208]
      orientation:
        - [1.000019, 4.17549e-09, -6.177052e-05]
        - [-4.367543e-05, -0.7071074, -0.7071198]
        - [-4.368127e-05, 0.7071062, -0.707121]
step_50:
  tf_mat_link1_0_flan1:
    target_pose:
      position: [0.1236884, -0.4962256, -0.1540809]
      orientation:
        - [0.996799, 0.07061249, 0.03800357]
        - [-0.02309966, 0.7066823, -0.7071673]
        - [-0.07678938, 0.7039987, 0.7060513]
  tf_mat_link4_0_flan4:
    target_pose:
      position: [0.1095164, -0.4962139, 0.1536887]
      orientation:
        - [1.000019, 4.17549e-09, -6.177052e-05]
        - [-4.367543e-05, -0.7071074, -0.7071198]
        - [-4.368127e-05, 0.7071062, -0.707121]
step_51:
  tf_mat_link1_0_flan1:
    target_pose:
      position: [0.1236885, -0.4956577, -0.1546489]
      orientation:
        - [0.996799, 0.07061249, 0.03800357]
        - [-0.02309966, 0.7066823, -0.7071673]
        - [-0.07678938, 0.7039987, 0.7060513]
  tf_mat_link4_0_flan4:
    target_pose:
      position: [0.1095165, -0.495646, 0.1542567]
      orientation:
        - [1.000019, 4.17549e-09, -6.177052e-05]
        - [-4.367543e-05, -0.7071074, -0.7071198]
        - [-4.368127e-05, 0.7071062, -0.707121]
step_52:
  tf_mat_link1_0_flan1:
    target_pose:
      position: [0.1236885, -0.4950896, -0.1552169]
      orientation:
        - [0.996799, 0.07061249, 0.03800357]
        - [-0.02309966, 0.7066823, -0.7071673]
        - [-0.07678938, 0.7039987, 0.7060513]
  tf_mat_link4_0_flan4:
    target_pose:
      position: [0.1095165, -0.495078, 0.1548247]
      orientation:
        - [1.000019, 4.17549e-09, -6.177052e-05]
        - [-4.367543e-05, -0.7071074, -0.7071198]
        - [-4.368127e-05, 0.7071062, -0.707121]
step_53:
  tf_mat_link1_0_flan1:
    target_pose:
      position: [0.1236886, -0.4945216, -0.1557848]
      orientation:
        - [0.996799, 0.07061249, 0.03800357]
        - [-0.02309966, 0.7066823, -0.7071673]
        - [-0.07678938, 0.7039987, 0.7060513]
  tf_mat_link4_0_flan4:
    target_pose:
      position: [0.1095166, -0.49451, 0.1553927]
      orientation:
        - [1.000019, 4.17549e-09, -6.177052e-05]
        - [-4.367543e-05, -0.7071074, -0.7071198]
        - [-4.368127e-05, 0.7071062, -0.707121]
step_54:
  tf_mat_link1_0_flan1:
    target_pose:
      position: [0.1236886, -0.4939537, -0.1563528]
      orientation:
        - [0.996799, 0.07061249, 0.03800357]
        - [-0.02309966, 0.7066823, -0.7071673]
        - [-0.07678938, 0.7039987, 0.7060513]
  tf_mat_link4_0_flan4:
    target_pose:
      position: [0.1095166, -0.4939421, 0.1559606]
      orientation:
        - [1.000019, 4.17549e-09, -6.177052e-05]
        - [-4.367543e-05, -0.7071074, -0.7071198]
        - [-4.368127e-05, 0.7071062, -0.707121]
step_55:
  tf_mat_link1_0_flan1:
    target_pose:
      position: [0.1236887, -0.4933857, -0.1569208]
      orientation:
        - [0.996799, 0.07061249, 0.03800357]
        - [-0.02309966, 0.7066823, -0.7071673]
        - [-0.07678938, 0.7039987, 0.7060513]
  tf_mat_link4_0_flan4:
    target_pose:
      position: [0.1095167, -0.4933741, 0.1565286]
      orientation:
        - [1.000019, 4.17549e-09, -6.177052e-05]
        - [-4.367543e-05, -0.7071074, -0.7071198]
        - [-4.368127e-05, 0.7071062, -0.707121]
step_56:
  tf_mat_link1_0_flan1:
    target_pose:
      position: [0.1236887, -0.4928178, -0.1574887]
      orientation:
        - [0.996799, 0.07061249, 0.03800357]
        - [-0.02309966, 0.7066823, -0.7071673]
        - [-0.07678938, 0.7039987, 0.7060513]
  tf_mat_link4_0_flan4:
    target_pose:
      position: [0.1095167, -0.4928061, 0.1570966]
      orientation:
        - [1.000019, 4.17549e-09, -6.177052e-05]
        - [-4.367543e-05, -0.7071074, -0.7071198]
        - [-4.368127e-05, 0.7071062, -0.707121]
step_57:
  tf_mat_link1_0_flan1:
    target_pose:
      position: [0.1236888, -0.4922498, -0.1580567]
      orientation:
        - [0.996799, 0.07061249, 0.03800357]
        - [-0.02309966, 0.7066823, -0.7071673]
        - [-0.07678938, 0.7039987, 0.7060513]
  tf_mat_link4_0_flan4:
    target_pose:
      position: [0.1095168, -0.4922381, 0.1576645]
      orientation:
        - [1.000019, 4.17549e-09, -6.177052e-05]
        - [-4.367543e-05, -0.7071074, -0.7071198]
        - [-4.368127e-05, 0.7071062, -0.707121]
step_58:
  tf_mat_link1_0_flan1:
    target_pose:
      position: [0.1236888, -0.4916818, -0.1586247]
      orientation:
        - [0.996799, 0.07061249, 0.03800357]
        - [-0.02309966, 0.7066823, -0.7071673]
        - [-0.07678938, 0.7039987, 0.7060513]
  tf_mat_link4_0_flan4:
    target_pose:
      position: [0.1095168, -0.4916702, 0.1582325]
      orientation:
        - [1.000019, 4.17549e-09, -6.177052e-05]
        - [-4.367543e-05, -0.7071074, -0.7071198]
        - [-4.368127e-05, 0.7071062, -0.707121]
step_59:
  tf_mat_link1_0_flan1:
    target_pose:
      position: [0.1236889, -0.4911139, -0.1591926]
      orientation:
        - [0.996799, 0.07061249, 0.03800357]
        - [-0.02309966, 0.7066823, -0.7071673]
        - [-0.07678938, 0.7039987, 0.7060513]
  tf_mat_link4_0_flan4:
    target_pose:
      position: [0.1095169, -0.4911022, 0.1588005]
      orientation:
        - [1.000019, 4.17549e-09, -6.177052e-05]
        - [-4.367543e-05, -0.7071074, -0.7071198]
        - [-4.368127e-05, 0.7071062, -0.707121]
step_60:
  tf_mat_link1_0_flan1:
    target_pose:
      position: [0.1236889, -0.4905458, -0.1597606]
      orientation:
        - [0.996799, 0.07061249, 0.03800357]
        - [-0.02309966, 0.7066823, -0.7071673]
        - [-0.07678938, 0.7039987, 0.7060513]
  tf_mat_link4_0_flan4:
    target_pose:
      position: [0.1095169, -0.4905342, 0.1593685]
      orientation:
        - [1.000019, 4.17549e-09, -6.177052e-05]
        - [-4.367543e-05, -0.7071074, -0.7071198]
        - [-4.368127e-05, 0.7071062, -0.707121]
step_61:
  tf_mat_link1_0_flan1:
    target_pose:
      position: [0.123689, -0.4899779, -0.1603286]
      orientation:
        - [0.996799, 0.07061249, 0.03800357]
        - [-0.02309966, 0.7066823, -0.7071673]
        - [-0.07678938, 0.7039987, 0.7060513]
  tf_mat_link4_0_flan4:
    target_pose:
      position: [0.109517, -0.4899663, 0.1599364]
      orientation:
        - [1.000019, 4.17549e-09, -6.177052e-05]
        - [-4.367543e-05, -0.7071074, -0.7071198]
        - [-4.368127e-05, 0.7071062, -0.707121]
step_62:
  tf_mat_link1_0_flan1:
    target_pose:
      position: [0.123689, -0.48941, -0.1608966]
      orientation:
        - [0.996799, 0.07061249, 0.03800357]
        - [-0.02309966, 0.7066823, -0.7071673]
        - [-0.07678938, 0.7039987, 0.7060513]
  tf_mat_link4_0_flan4:
    target_pose:
      position: [0.109517, -0.4893983, 0.1605044]
      orientation:
        - [1.000019, 4.17549e-09, -6.177052e-05]
        - [-4.367543e-05, -0.7071074, -0.7071198]
        - [-4.368127e-05, 0.7071062, -0.707121]
step_63:
  tf_mat_link1_0_flan1:
    target_pose:
      position: [0.1236891, -0.488842, -0.1614645]
      orientation:
        - [0.996799, 0.07061249, 0.03800357]
        - [-0.02309966, 0.7066823, -0.7071673]
        - [-0.07678938, 0.7039987, 0.7060513]
  tf_mat_link4_0_flan4:
    target_pose:
      position: [0.1095171, -0.4888304, 0.1610723]
      orientation:
        - [1.000019, 4.17549e-09, -6.177052e-05]
        - [-4.367543e-05, -0.7071074, -0.7071198]
        - [-4.368127e-05, 0.7071062, -0.707121]
step_64:
  tf_mat_link1_0_flan1:
    target_pose:
      position: [0.1236891, -0.4882741, -0.1620325]
      orientation:
        - [0.996799, 0.07061249, 0.03800357]
        - [-0.02309966, 0.7066823, -0.7071673]
        - [-0.07678938, 0.7039987, 0.7060513]
  tf_mat_link4_0_flan4:
    target_pose:
      position: [0.1095171, -0.4882624, 0.1616403]
      orientation:
        - [1.000019, 4.17549e-09, -6.177052e-05]
        - [-4.367543e-05, -0.7071074, -0.7071198]
        - [-4.368127e-05, 0.7071062, -0.707121]
step_65:
  tf_mat_link1_0_flan1:
    target_pose:
      position: [0.1236892, -0.4877061, -0.1626004]
      orientation:
        - [0.996799, 0.07061249, 0.03800357]
        - [-0.02309966, 0.7066823, -0.7071673]
        - [-0.07678938, 0.7039987, 0.7060513]
  tf_mat_link4_0_flan4:
    target_pose:
      position: [0.1095172, -0.4876944, 0.1622083]
      orientation:
        - [1.000019, 4.17549e-09, -6.177052e-05]
        - [-4.367543e-05, -0.7071074, -0.7071198]
        - [-4.368127e-05, 0.7071062, -0.707121]
step_66:
  tf_mat_link1_0_flan1:
    target_pose:
      position: [0.1236892, -0.4871381, -0.1631684]
      orientation:
        - [0.996799, 0.07061249, 0.03800357]
        - [-0.02309966, 0.7066823, -0.7071673]
        - [-0.07678938, 0.7039987, 0.7060513]
  tf_mat_link4_0_flan4:
    target_pose:
      position: [0.1095172, -0.4871264, 0.1627762]
      orientation:
        - [1.000019, 4.17549e-09, -6.177052e-05]
        - [-4.367543e-05, -0.7071074, -0.7071198]
        - [-4.368127e-05, 0.7071062, -0.707121]
step_67:
  tf_mat_link1_0_flan1:
    target_pose:
      position: [0.1236893, -0.4865701, -0.1637364]
      orientation:
        - [0.996799, 0.07061249, 0.03800357]
        - [-0.02309966, 0.7066823, -0.7071673]
        - [-0.07678938, 0.7039987, 0.7060513]
  tf_mat_link4_0_flan4:
    target_pose:
      position: [0.1095173, -0.4865585, 0.1633442]
      orientation:
        - [1.000019, 4.17549e-09, -6.177052e-05]
        - [-4.367543e-05, -0.7071074, -0.7071198]
        - [-4.368127e-05, 0.7071062, -0.707121]
step_68:
  tf_mat_link1_0_flan1:
    target_pose:
      position: [0.1236893, -0.4860022, -0.1643043]
      orientation:
        - [0.996799, 0.07061249, 0.03800357]
        - [-0.02309966, 0.7066823, -0.7071673]
        - [-0.07678938, 0.7039987, 0.7060513]
  tf_mat_link4_0_flan4:
    target_pose:
      position: [0.1095173, -0.4859905, 0.1639122]
      orientation:
        - [1.000019, 4.17549e-09, -6.177052e-05]
        - [-4.367543e-05, -0.7071074, -0.7071198]
        - [-4.368127e-05, 0.7071062, -0.707121]
step_69:
  tf_mat_link1_0_flan1:
    target_pose:
      position: [0.1236893, -0.4854342, -0.1648723]
      orientation:
        - [0.996799, 0.07061249, 0.03800357]
        - [-0.02309966, 0.7066823, -0.7071673]
        - [-0.07678938, 0.7039987, 0.7060513]
  tf_mat_link4_0_flan4:
    target_pose:
      position: [0.1095173, -0.4854225, 0.1644801]
      orientation:
        - [1.000019, 4.17549e-09, -6.177052e-05]
        - [-4.367543e-05, -0.7071074, -0.7071198]
        - [-4.368127e-05, 0.7071062, -0.707121]
step_70:
  tf_mat_link1_0_flan1:
    target_pose:
      position: [0.1236894, -0.4848662, -0.1654402]
      orientation:
        - [0.996799, 0.07061249, 0.03800357]
        - [-0.02309966, 0.7066823, -0.7071673]
        - [-0.07678938, 0.7039987, 0.7060513]
  tf_mat_link4_0_flan4:
    target_pose:
      position: [0.1095174, -0.4848546, 0.1650481]
      orientation:
        - [1.000019, 4.17549e-09, -6.177052e-05]
        - [-4.367543e-05, -0.7071074, -0.7071198]
        - [-4.368127e-05, 0.7071062, -0.707121]
step_71:
  tf_mat_link1_0_flan1:
    target_pose:
      position: [0.1236895, -0.4842983, -0.1660082]
      orientation:
        - [0.996799, 0.07061249, 0.03800357]
        - [-0.02309966, 0.7066823, -0.7071673]
        - [-0.07678938, 0.7039987, 0.7060513]
  tf_mat_link4_0_flan4:
    target_pose:
      position: [0.1095174, -0.4842866, 0.1656161]
      orientation:
        - [1.000019, 4.17549e-09, -6.177052e-05]
        - [-4.367543e-05, -0.7071074, -0.7071198]
        - [-4.368127e-05, 0.7071062, -0.707121]
step_72:
  tf_mat_link1_0_flan1:
    target_pose:
      position: [0.1236895, -0.4837303, -0.1665762]
      orientation:
        - [0.996799, 0.07061249, 0.03800357]
        - [-0.02309966, 0.7066823, -0.7071673]
        - [-0.07678938, 0.7039987, 0.7060513]
  tf_mat_link4_0_flan4:
    target_pose:
      position: [0.1095175, -0.4837186, 0.1661841]
      orientation:
        - [1.000019, 4.17549e-09, -6.177052e-05]
        - [-4.367543e-05, -0.7071074, -0.7071198]
        - [-4.368127e-05, 0.7071062, -0.707121]
step_73:
  tf_mat_link1_0_flan1:
    target_pose:
      position: [0.1236896, -0.4831623, -0.1671442]
      orientation:
        - [0.996799, 0.07061249, 0.03800357]
        - [-0.02309966, 0.7066823, -0.7071673]
        - [-0.07678938, 0.7039987, 0.7060513]
  tf_mat_link4_0_flan4:
    target_pose:
      position: [0.1095176, -0.4831506, 0.166752]
      orientation:
        - [1.000019, 4.17549e-09, -6.177052e-05]
        - [-4.367543e-05, -0.7071074, -0.7071198]
        - [-4.368127e-05, 0.7071062, -0.707121]
step_74:
  tf_mat_link1_0_flan1:
    target_pose:
      position: [0.1236896, -0.4825943, -0.1677121]
      orientation:
        - [0.996799, 0.07061249, 0.03800357]
        - [-0.02309966, 0.7066823, -0.7071673]
        - [-0.07678938, 0.7039987, 0.7060513]
  tf_mat_link4_0_flan4:
    target_pose:
      position: [0.1095176, -0.4825827, 0.16732]
      orientation:
        - [1.000019, 4.17549e-09, -6.177052e-05]
        - [-4.367543e-05, -0.7071074, -0.7071198]
        - [-4.368127e-05, 0.7071062, -0.707121]
step_75:
  tf_mat_link1_0_flan1:
    target_pose:
      position: [0.1236896, -0.4820264, -0.1682801]
      orientation:
        - [0.996799, 0.07061249, 0.03800357]
        - [-0.02309966, 0.7066823, -0.7071673]
        - [-0.07678938, 0.7039987, 0.7060513]
  tf_mat_link4_0_flan4:
    target_pose:
      position: [0.1095176, -0.4820147, 0.1678879]
      orientation:
        - [1.000019, 4.17549e-09, -6.177052e-05]
        - [-4.367543e-05, -0.7071074, -0.7071198]
        - [-4.368127e-05, 0.7071062, -0.707121]
step_76:
  tf_mat_link1_0_flan1:
    target_pose:
      position: [0.1236897, -0.4814585, -0.1688481]
      orientation:
        - [0.996799, 0.07061249, 0.03800357]
        - [-0.02309966, 0.7066823, -0.7071673]
        - [-0.07678938, 0.7039987, 0.7060513]
  tf_mat_link4_0_flan4:
    target_pose:
      position: [0.1095177, -0.4814468, 0.1684559]
      orientation:
        - [1.000019, 4.17549e-09, -6.177052e-05]
        - [-4.367543e-05, -0.7071074, -0.7071198]
        - [-4.368127e-05, 0.7071062, -0.707121]
step_77:
  tf_mat_link1_0_flan1:
    target_pose:
      position: [0.1236897, -0.4808904, -0.1694161]
      orientation:
        - [0.996799, 0.07061249, 0.03800357]
        - [-0.02309966, 0.7066823, -0.7071673]
